0.000000000000000000e+00
2.858596334935598711e-05
2.892894497880241084e-05
2.927618302317193085e-05
2.962773203043057526e-05
2.998364726932479542e-05
3.034398473899088523e-05
3.070880117860171066e-05
3.107815407797862310e-05
3.145210168727984935e-05
3.183070302748565829e-05
3.221401790130764729e-05
3.260210690307413159e-05
3.299503143011627975e-05
3.339285369350181675e-05
3.379563672907841596e-05
3.420344440885325475e-05
3.461634145216004613e-05
3.503439343744588848e-05
3.545766681394497873e-05
3.588622891347658197e-05
3.632014796256302354e-05
3.675949309468115329e-05
3.720433436253415893e-05
3.765474275065961075e-05
3.811079018839950121e-05
3.857254956238442633e-05
3.904009473010783081e-05
3.951350053272300212e-05
3.999284280891431240e-05
4.047819840850111652e-05
4.096964520594053465e-05
4.146726211474724633e-05
4.197112910167353345e-05
4.248132720110729541e-05
4.299793852953439130e-05
4.352104630063214361e-05
4.405073484035786134e-05
4.458708960196607692e-05
4.513019718172604886e-05
4.568014533452631097e-05
4.623702298971748171e-05
4.680092026752028173e-05
4.737192849508241218e-05
4.795014022329295832e-05
4.853564924357645755e-05
4.912855060490559003e-05
4.972894063127016257e-05
5.033691693895622163e-05
5.095257845477158670e-05
5.157602543362283426e-05
5.220735947720783770e-05
5.284668355242245059e-05
5.349410201024041027e-05
5.414972060474773348e-05
5.481364651261284610e-05
5.548598835258122938e-05
5.616685620566548023e-05
5.685636163495478266e-05
5.755461770646135087e-05
5.826173900965636354e-05
5.897784167871813771e-05
5.970304341376622833e-05
6.043746350258118259e-05
6.118122284246618249e-05
6.193444396292415647e-05
6.269725104765908757e-05
6.346976995800192247e-05
6.425212825586309085e-05
6.504445522749631968e-05
6.584688190734450802e-05
6.665954110202332262e-05
6.748256741553303195e-05
6.831609727341698361e-05
6.916026894873479223e-05
7.001522258731293375e-05
7.088110023388858672e-05
7.175804585839997644e-05
7.264620538294737947e-05
7.354572670868838485e-05
7.445675974352464991e-05
7.537945642996849826e-05
7.631397077323499108e-05
7.726045887059014149e-05
7.821907893952397581e-05
7.918999134806199377e-05
8.017335864442885871e-05
8.116934558727945061e-05
8.217811917683384574e-05
8.319984868581880677e-05
8.423470569130467485e-05
8.528286410672759248e-05
8.634450021477696035e-05
8.741979269996103528e-05
8.850892268260257718e-05
8.961207375262028488e-05
9.072943200396376177e-05
9.186118606972234037e-05
9.300752715752368691e-05
9.416864908571156783e-05
9.534474831931940685e-05
9.653602400764703818e-05
9.774267802157455426e-05
9.896491499163421416e-05
1.002029423464594510e-04
1.014569703522720030e-04
1.027272121523905250e-04
1.040138838075287575e-04
1.053172043367153217e-04
1.066373957587244867e-04
1.079746831341025831e-04
1.093292946076284636e-04
1.107014614518826283e-04
1.120914181107826580e-04
1.134994022444453044e-04
1.149256547736623340e-04
1.163704199264444325e-04
1.178339452837298402e-04
1.193164818268278334e-04
1.208182839852200318e-04
1.223396096845964646e-04
1.238807203964017252e-04
1.254418811872290949e-04
1.270233607698043369e-04
1.286254315538040271e-04
1.302483696980223486e-04
1.318924551630645911e-04
1.335579717647389310e-04
1.352452072284068894e-04
1.369544532438434750e-04
1.386860055211158521e-04
1.404401638471101455e-04
1.422172321428940027e-04
1.440175185219697463e-04
1.458413353492089479e-04
1.476889993010121235e-04
1.495608314255201447e-04
1.514571572046988267e-04
1.533783066165061862e-04
1.553246141983838900e-04
1.572964191115649448e-04
1.592940652059270394e-04
1.613179010866224871e-04
1.633682801807100657e-04
1.654455608053133060e-04
1.675501062365784063e-04
1.696822847796476371e-04
1.718424698395404414e-04
1.740310399932779506e-04
1.762483790626546076e-04
1.784948761883943427e-04
1.807709259053567180e-04
1.830769282182774754e-04
1.854132886795312293e-04
1.877804184671367507e-04
1.901787344642001730e-04
1.926086593397736794e-04
1.950706216302151993e-04
1.975650558222820418e-04
2.000924024372816815e-04
2.026531081162465456e-04
2.052476257063288805e-04
2.078764143486637374e-04
2.105399395671651028e-04
2.132386733590504373e-04
2.159730942859729912e-04
2.187436875669227518e-04
2.215509451727487339e-04
2.243953659209959597e-04
2.272774555730808189e-04
2.301977269326823078e-04
2.331566999447795606e-04
2.361549017971124648e-04
2.391928670224408450e-04
2.422711376024342875e-04
2.453902630730412228e-04
2.485508006313786830e-04
2.517533152439925450e-04
2.549983797571034089e-04
2.582865750074704440e-04
2.616184899359109343e-04
2.649947217019599710e-04
2.684158757997277540e-04
2.718825661761361222e-04
2.753954153505708334e-04
2.789550545357184449e-04
2.825621237610217041e-04
2.862172719971283938e-04
2.899211572824435842e-04
2.936744468513829975e-04
2.974778172643767634e-04
3.013319545400522576e-04
3.052375542884362540e-04
3.091953218474075135e-04
3.132059724195458130e-04
3.172702312119309248e-04
3.213888335777158930e-04
3.255625251594027243e-04
3.297920620342341706e-04
3.340782108620418255e-04
3.384217490345527981e-04
3.428234648271791555e-04
3.472841575525934801e-04
3.518046377173835067e-04
3.563857271793492037e-04
3.610282593083807032e-04
3.657330791490905238e-04
3.705010435855458396e-04
3.753330215083057627e-04
3.802298939845630754e-04
3.851925544293610584e-04
3.902219087801966609e-04
3.953188756739358409e-04
4.004843866255899379e-04
4.057193862105807920e-04
4.110248322481749035e-04
4.164016959890132750e-04
4.218509623041834223e-04
4.273736298771562271e-04
4.329707113984987811e-04
4.386432337635146300e-04
4.443922382718017540e-04
4.502187808307449562e-04
4.561239321606740723e-04
4.621087780037591011e-04
4.681744193352397297e-04
4.743219725777357825e-04
4.805525698186237935e-04
4.868673590301994362e-04
4.932675042930513608e-04
4.997541860223597742e-04
5.063286011974447000e-04
5.129919635943213816e-04
5.197455040213350358e-04
5.265904705588160453e-04
5.335281288005599715e-04
5.405597620999278959e-04
5.476866718189104264e-04
5.549101775801127626e-04
5.622316175226389854e-04
5.696523485616642596e-04
5.771737466509743904e-04
5.847972070493065921e-04
5.925241445902765811e-04
6.003559939563716434e-04
6.082942099557608938e-04
6.163402678037271628e-04
6.244956634072454556e-04
6.327619136538667781e-04
6.411405567043542775e-04
6.496331522887464384e-04
6.582412820074349299e-04
6.669665496350748232e-04
6.758105814295488172e-04
6.847750264445354607e-04
6.938615568461060533e-04
7.030718682343023700e-04
7.124076799680397441e-04
7.218707354946534609e-04
7.314628026844576360e-04
7.411856741686016943e-04
7.510411676822155869e-04
7.610311264119229337e-04
7.711574193474156954e-04
7.814219416385461336e-04
7.918266149561777002e-04
8.023733878583555641e-04
8.130642361612548923e-04
8.239011633143427738e-04
8.348862007811707307e-04
8.460214084248632348e-04
8.573088748980805087e-04
8.687507180391375360e-04
8.803490852720395349e-04
8.921061540123585709e-04
9.040241320782040763e-04
9.161052581063138401e-04
9.283518019735663342e-04
9.407660652241040021e-04
9.533503815011682737e-04
9.661071169853426488e-04
9.790386708377540534e-04
9.921474756488587055e-04
1.005435997893260915e-03
1.018906738389836666e-03
1.032562232768098089e-03
1.046405051939676770e-03
1.060437802576332661e-03
1.074663127593943014e-03
1.089083706641674884e-03
1.103702256598212972e-03
1.118521532073331933e-03
1.133544325916183149e-03
1.148773469729409951e-03
1.164211834389845693e-03
1.179862330575107273e-03
1.195727909297336590e-03
1.211811562442298819e-03
1.228116323316213879e-03
1.244645267198400728e-03
1.261401511900203968e-03
1.278388218331728008e-03
1.295608591074363025e-03
1.313065878960312065e-03
1.330763375658984603e-03
1.348704420270444362e-03
1.366892397925624286e-03
1.385330740393700280e-03
1.404022926695892544e-03
1.422972483727545645e-03
1.442182986886195563e-03
1.461658060707546856e-03
1.481401379508558288e-03
1.501416668037346353e-03
1.521707702131391187e-03
1.542278309382334863e-03
1.563132369808562742e-03
1.584273816534933609e-03
1.605706636481033390e-03
1.627434871055552209e-03
1.649462616859603955e-03
1.671794026396968913e-03
1.694433308792284458e-03
1.717384730516825601e-03
1.740652616122623057e-03
1.764241348983727276e-03
1.788155372045465439e-03
1.812399188582168238e-03
1.836977362962246034e-03
1.861894521421544185e-03
1.887155352844342238e-03
1.912764609552865822e-03
1.938727108104722988e-03
1.965047730097941453e-03
1.991731422985042448e-03
2.018783200894188126e-03
2.046208145459575689e-03
2.074011406658961016e-03
2.102198203660129560e-03
2.130773825675270211e-03
2.159743632823628561e-03
2.189113057002237041e-03
2.218887602765146939e-03
2.249072848210626266e-03
2.279674445876905906e-03
2.310698123645860396e-03
2.342149685655116852e-03
2.374035013218147531e-03
2.406360065753313567e-03
2.439130881719903110e-03
2.472353579563631946e-03
2.506034358669358402e-03
2.540179500322548196e-03
2.574795368678652226e-03
2.609888411740582045e-03
2.645465162344267426e-03
2.681532239152490272e-03
2.718096347656110637e-03
2.755164281184098191e-03
2.792742921920781437e-03
2.830839241931212402e-03
2.869460304194500211e-03
2.908613263644558872e-03
2.948305368218935834e-03
2.988543959914785001e-03
3.029336475852741420e-03
3.070690449348401421e-03
3.112613510990388643e-03
3.155113389726979609e-03
3.198197913958699366e-03
3.241875012638817475e-03
3.286152716380358330e-03
3.331039158570661424e-03
3.376542576491858762e-03
3.422671312448898745e-03
3.469433814903174085e-03
3.516838639613491073e-03
3.564894450782751713e-03
3.613610022210825366e-03
3.662994238453553923e-03
3.713056095987253037e-03
3.763804704379412804e-03
3.815249287464508952e-03
3.867399184525009952e-03
3.920263851477879744e-03
3.973852862065587258e-03
4.028175909052494896e-03
4.083242805424875180e-03
4.139063485596207459e-03
4.195648006615777977e-03
4.253006549381562092e-03
4.311149419856664423e-03
4.370087050289322116e-03
4.429830000435452074e-03
4.490388958784701477e-03
4.551774743788849706e-03
4.613998305092486228e-03
4.677070724765802247e-03
4.741003218538928851e-03
4.805807137037946576e-03
4.871493967021931458e-03
4.938075332620822482e-03
5.005562996573285559e-03
5.073968861465491705e-03
5.143304970968941986e-03
5.213583511077941185e-03
5.284816811346152061e-03
5.357017346121589231e-03
5.430197735779860105e-03
5.504370747955305079e-03
5.579549298769436762e-03
5.655746454056486544e-03
5.732975430585074937e-03
5.811249597276465367e-03
5.890582476417851460e-03
5.970987744871577262e-03
6.052479235277640618e-03
6.135070937251716622e-03
6.218776998575988903e-03
6.303611726383168655e-03
6.389589588333189664e-03
6.476725213781666865e-03
6.565033394940025628e-03
6.654529088026103073e-03
6.745227414405044475e-03
6.837143661720225876e-03
6.930293285012748342e-03
7.024691907828936599e-03
7.120355323316516008e-03
7.217299495306609899e-03
7.315540559383061289e-03
7.415094823936589641e-03
7.515978771204487839e-03
7.618209058293756025e-03
7.721802518188279445e-03
7.826776160738105684e-03
7.933147173630982624e-03
8.040932923344505656e-03
8.150150956078574052e-03
8.260818998667453922e-03
8.372954959469646255e-03
8.486576929235949487e-03
8.601703181953891664e-03
8.718352175667937187e-03
8.836542553274116807e-03
8.956293143289092984e-03
9.077622960591497439e-03
9.200551207134874745e-03
9.325097272631909309e-03
9.451280735207711822e-03
9.579121362021785283e-03
9.708639109857624544e-03
9.839854125677874666e-03
9.972786747145146943e-03
1.010745750310654625e-02
1.024388711403995990e-02
1.038209649246286254e-02
1.052210674329987113e-02
1.066393916420971429e-02
1.080761524586880580e-02
1.095315667221099035e-02
1.110058532062133466e-02
1.124992326208278451e-02
1.140119276127392334e-02
1.155441627661669968e-02
1.170961646027169831e-02
1.186681615808017967e-02
1.202603840945034100e-02
1.218730644718670451e-02
1.235064369726019545e-02
1.251607377851757935e-02
1.268362050232771376e-02
1.285330787216341919e-02
1.302516008311607743e-02
1.319920152134112547e-02
1.337545676343257321e-02
1.355395057572437133e-02
1.373470791351496557e-02
1.391775392021477216e-02
1.410311392641226680e-02
1.429081344885722166e-02
1.448087818935812725e-02
1.467333403359067680e-02
1.486820704981559570e-02
1.506552348750149310e-02
1.526530977585110159e-02
1.546759252222722203e-02
1.567239851047470475e-02
1.587975469913619972e-02
1.608968821955822359e-02
1.630222637388245577e-02
1.651739663292117050e-02
1.673522663391106488e-02
1.695574417814265863e-02
1.717897722846113348e-02
1.740495390663424069e-02
1.763370249058384548e-02
1.786525141147521367e-02
1.809962925066216366e-02
1.833686473648045434e-02
1.857698674088703594e-02
1.882002427593932117e-02
1.906600649010898110e-02
1.931496266442650142e-02
1.956692220844927221e-02
1.982191465604982161e-02
2.007996966101667155e-02
2.034111699246305555e-02
2.060538653003760740e-02
2.087280825892996391e-02
2.114341226466612614e-02
2.141722872768653946e-02
2.169428791770006484e-02
2.197462018780742612e-02
2.225825596838723261e-02
2.254522576073698936e-02
2.283556013046247890e-02
2.312928970060749642e-02
2.342644514451635435e-02
2.372705717842190851e-02
2.403115655375039073e-02
2.433877404913600134e-02
2.464994046213577622e-02
2.496468660063756034e-02
2.528304327395169970e-02
2.560504128357854459e-02
2.593071141364215737e-02
2.626008442098242204e-02
2.659319102489557732e-02
2.693006189651482238e-02
2.727072764782174571e-02
2.761521882027912975e-02
2.796356587307610025e-02
2.831579917097616639e-02
2.867194897175922436e-02
2.903204541324816076e-02
2.939611849991029258e-02
2.976419808902512620e-02
3.013631387640898496e-02
3.051249538168770634e-02
3.089277193310718123e-02
3.127717265187544837e-02
3.166572643602588721e-02
3.205846194379264463e-02
3.245540757649274105e-02
3.285659146090365301e-02
3.326204143113134504e-02
3.367178500996101387e-02
3.408584938968243355e-02
3.450426141238496086e-02
3.492704754971604625e-02
3.535423388209753964e-02
3.578584607739448281e-02
3.622190936903396663e-02
3.666244853356796091e-02
3.710748786768013063e-02
3.755705116463241289e-02
3.801116169015111845e-02
3.846984215775248184e-02
3.893311470350732661e-02
3.940100086024783677e-02
3.987352153121813403e-02
4.035069696317306748e-02
4.083254671892937171e-02
4.131908964937747175e-02
4.181034386495898619e-02
4.230632670662071160e-02
4.280705471625494835e-02
4.331254360663834568e-02
4.382280823088215843e-02
4.433786255140991645e-02
4.485771960847832057e-02
4.538239148826114788e-02
4.591188929051525508e-02
4.644622309585202946e-02
4.698540193263791437e-02
4.752943374354980793e-02
4.807832535181459643e-02
4.863208242716147295e-02
4.919070945152051455e-02
4.975420968450178227e-02
5.032258512869115796e-02
5.089583649480217825e-02
5.147396316672397248e-02
5.205696316651018535e-02
5.264483311935205107e-02
5.323756821858638411e-02
5.383516219078541415e-02
5.443760726098249847e-02
5.504489411808780736e-02
5.565701188054992393e-02
5.627394806232330349e-02
5.689568853920080188e-02
5.752221751557563129e-02
5.815351749169665740e-02
5.878956923148413727e-02
5.943035173097417634e-02
6.007584218746281346e-02
6.072601596942045488e-02
6.138084658725135451e-02
6.204030566497173438e-02
6.270436291288278285e-02
6.337298610131641974e-02
6.404614103552989934e-02
6.472379153183044354e-02
6.540589939500583705e-02
6.609242439714388406e-02
6.678332425791770610e-02
6.747855462641882962e-02
6.817806906461477967e-02
6.888181903251264226e-02
6.958975387510422939e-02
7.030182081117294923e-02
7.101796492403367189e-02
7.173812915428418036e-02
7.246225429463820644e-02
7.319027898691088385e-02
7.392213972122513299e-02
7.465777083750282928e-02
7.539710452930527274e-02
7.614007085008066278e-02
7.688659772187479702e-02
7.763661094655709138e-02
7.839003421961035500e-02
7.914678914652643893e-02
7.990679526184904513e-02
8.066997005089683592e-02
8.143622897419619533e-02
8.220548549464780363e-02
8.297765110744556583e-02
8.375263537276156356e-02
8.453034595120165196e-02
8.531068864203524005e-02
8.609356742419201070e-02
8.687888450001472751e-02
8.766654034174881094e-02
8.845643374074531329e-02
8.924846185934430520e-02
9.004252028540045416e-02
9.083850308940751017e-02
9.163630288416647895e-02
9.243581088694223513e-02
9.323691698404121264e-02
9.403950979773846586e-02
9.484347675547656620e-02
9.564870416124916785e-02
9.645507726908122970e-02
9.726248035850484919e-02
9.807079681193078824e-02
9.887990919380412747e-02
9.968969933143177753e-02
1.005000483973600423e-01
1.013108369931803726e-01
1.021219452346326384e-01
1.029332528378733291e-01
1.037446392067715162e-01
1.045559835210932292e-01
1.053671648254287108e-01
1.061780621187190660e-01
1.069885544442313180e-01
1.077985209798332511e-01
1.086078411284162326e-01
1.094163946083139827e-01
1.102240615435627208e-01
1.110307225538521153e-01
1.118362588440120625e-01
1.126405522928863312e-01
1.134434855414404308e-01
1.142449420799570292e-01
1.150448063341717175e-01
1.158429637502063347e-01
1.166393008781586998e-01
1.174337054542124170e-01
1.182260664811341511e-01
1.190162743070279638e-01
1.198042207022241151e-01
1.205897989341832843e-01
1.213729038403001947e-01
1.221534318985014467e-01
1.229312812955319911e-01
1.237063519928355421e-01
1.244785457899386660e-01
1.252477663852542278e-01
1.260139194342269064e-01
1.267769126047519623e-01
1.275366556298030418e-01
1.282930603572114137e-01
1.290460407965507150e-01
1.297955131630808556e-01
1.305413959187192163e-01
1.312836098100101656e-01
1.320220779030706060e-01
1.327567256154997821e-01
1.334874807452444134e-01
1.342142734964195672e-01
1.349370365020912399e-01
1.356557048440338586e-01
1.363702160694808541e-01
1.370805102048941182e-01
1.377865297667832389e-01
1.384882197696106765e-01
1.391855277308257643e-01
1.398784036730739422e-01
1.405668001236345943e-01
1.412506721111427832e-01
1.419299771596577442e-01
1.426046752801420903e-01
1.432747289594215323e-01
1.439401031466978342e-01
1.446007652376896102e-01
1.452566850564820378e-01
1.459078348351636190e-01
1.465541891913366146e-01
1.471957251035849457e-01
1.478324218849870197e-01
1.484642611547631885e-01
1.490912268081474590e-01
1.497133049845729980e-01
1.503304840342657156e-01
1.509427544833345236e-01
1.515501089974521653e-01
1.521525423442185443e-01
1.527500513542969784e-01
1.533426348814144746e-01
1.539302937613170608e-01
1.545130307697688554e-01
1.550908505796808612e-01
1.556637597174608534e-01
1.562317665186637727e-01
1.567948810830303297e-01
1.573531152289942836e-01
1.579064824477366957e-01
1.584549978568670914e-01
1.589986781538062499e-01
1.595375415689430920e-01
1.600716078186383562e-01
1.606008980581426215e-01
1.611254348344949572e-01
1.616452420394663969e-01
1.621603448626093014e-01
1.626707697444706724e-01
1.631765443300264018e-01
1.636776974223888015e-01
1.641742589368396510e-01
1.646662598552350310e-01
1.651537321808291825e-01
1.656367088935600806e-01
1.661152239058366620e-01
1.665893120188654264e-01
1.670590088795534667e-01
1.675243509380188178e-01
1.679853754057400173e-01
1.684421202143729646e-01
1.688946239752600331e-01
1.693429259396563025e-01
1.697870659596938669e-01
1.702270844501026781e-01
1.706630223507069610e-01
1.710949210897102224e-01
1.715228225477841706e-01
1.719467690229716239e-01
1.723668031964134539e-01
1.727829680989076411e-01
1.731953070783059656e-01
1.736038637677541630e-01
1.740086820547772084e-01
1.744098060512129789e-01
1.748072800639925706e-01
1.752011485667687718e-01
1.755914561723884992e-01
1.759782476062061174e-01
1.763615676802344490e-01
1.767414612681257324e-01
1.771179732809783358e-01
1.774911486439603725e-01
1.778610322737417260e-01
1.782276690567275446e-01
1.785911038280805774e-01
1.789513813515237195e-01
1.793085462999119417e-01
1.796626432365605874e-01
1.800137165973197950e-01
1.803618106733803073e-01
1.807069695947995658e-01
1.810492373147343237e-01
1.813886575943646218e-01
1.817252739884981649e-01
1.820591298318374462e-01
1.823902682258978503e-01
1.827187320265614423e-01
1.830445638322505675e-01
1.833678059727086584e-01
1.836885004983710989e-01
1.840066891703136254e-01
1.843224134507604750e-01
1.846357144941403738e-01
1.849466331386732665e-01
1.852552098984736051e-01
1.855614849561566804e-01
1.858654981559310915e-01
1.861672889971648925e-01
1.864668966284094842e-01
1.867643598418686490e-01
1.870597170682961052e-01
1.873530063723116423e-01
1.876442654481167427e-01
1.879335316156021118e-01
1.882208418168291320e-01
1.885062326128737475e-01
1.887897401810213205e-01
1.890714003122975495e-01
1.893512484093240744e-01
1.896293194844871355e-01
1.899056481584066036e-01
1.901802686586929192e-01
1.904532148189835850e-01
1.907245200782444194e-01
1.909942174803266335e-01
1.912623396737687942e-01
1.915289189118338786e-01
1.917939870527699542e-01
1.920575755602847157e-01
1.923197155042273565e-01
1.925804375614628972e-01
1.928397720169353347e-01
1.930977487649074564e-01
1.933543973103695468e-01
1.936097467706099085e-01
1.938638258769363742e-01
1.941166629765442020e-01
1.943682860345204433e-01
1.946187226359784028e-01
1.948679999883141112e-01
1.951161449235799261e-01
1.953631839009665749e-01
1.956091430093873929e-01
1.958540479701599557e-01
1.960979241397778350e-01
1.963407965127666466e-01
1.965826897246198135e-01
1.968236280548069372e-01
1.970636354298517523e-01
1.973027354264727251e-01
1.975409512747822449e-01
1.977783058615396605e-01
1.980148217334545269e-01
1.982505211005334278e-01
1.984854258394698201e-01
1.987195574970684886e-01
1.989529372937054452e-01
1.991855861268162498e-01
1.994175245744098657e-01
1.996487728986066912e-01
1.998793510491946313e-01
2.001092786672026835e-01
2.003385750884868755e-01
2.005672593473279697e-01
2.007953501800364138e-01
2.010228660285624525e-01
2.012498250441105418e-01
2.014762450907522651e-01
2.017021437490397473e-01
2.019275383196141305e-01
2.021524458268086355e-01
2.023768830222437420e-01
2.026008663884138472e-01
2.028244121422615454e-01
2.030475362387398341e-01
2.032702543743601931e-01
2.034925819907239808e-01
2.037145342780378454e-01
2.039361261786094282e-01
2.041573723903248594e-01
2.043782873701041336e-01
2.045988853373349181e-01
2.048191802772842129e-01
2.050391859444847809e-01
2.052589158660981794e-01
2.054783833452514807e-01
2.056976014643473460e-01
2.059165830883478709e-01
2.061353408680299537e-01
2.063538872432133520e-01
2.065722344459577087e-01
2.067903945037331270e-01
2.070083792425579938e-01
2.072262002901085753e-01
2.074438690787962503e-01
2.076613968488151274e-01
2.078787946511571616e-01
2.080960733505962945e-01
2.083132436286400657e-01
2.085303159864498046e-01
2.087473007477276266e-01
2.089642080615718434e-01
2.091810479052993998e-01
2.093978300872352816e-01
2.096145642494697259e-01
2.098312598705824872e-01
2.100479262683337955e-01
2.102645726023233130e-01
2.104812078766153116e-01
2.106978409423318210e-01
2.109144805002129142e-01
2.111311351031440464e-01
2.113478131586509490e-01
2.115645229313617981e-01
2.117812725454384926e-01
2.119980699869731533e-01
2.122149231063549801e-01
2.124318396206038295e-01
2.126488271156727894e-01
2.128658930487188350e-01
2.130830447503418990e-01
2.133002894267935490e-01
2.135176341621543572e-01
2.137350859204802389e-01
2.139526515479187874e-01
2.141703377747954939e-01
2.143881512176689652e-01
2.146060983813581347e-01
2.148241856609376943e-01
2.150424193437073250e-01
2.152608056111282586e-01
2.154793505407347765e-01
2.156980601080143167e-01
2.159169401882619632e-01
2.161359965584049025e-01
2.163552348988004026e-01
2.165746607950071734e-01
2.167942797395277232e-01
2.170140971335263735e-01
2.172341182885185185e-01
2.174543484280357653e-01
2.176747926892642349e-01
2.178954561246571886e-01
2.181163437035229524e-01
2.183374603135875280e-01
2.185588107625331677e-01
2.187803997795112476e-01
2.190022320166325753e-01
2.192243120504336062e-01
2.194466443833179015e-01
2.196692334449766304e-01
2.198920835937842044e-01
2.201151991181727330e-01
2.203385842379825543e-01
2.205622431057933652e-01
2.207861798082307592e-01
2.210103983672533079e-01
2.212349027414180214e-01
2.214596968271241861e-01
2.216847844598383299e-01
2.219101694152964821e-01
2.221358554106888927e-01
2.223618461058235185e-01
2.225881451042704684e-01
2.228147559544873257e-01
2.230416821509255132e-01
2.232689271351178673e-01
2.234964942967476165e-01
2.237243869747007063e-01
2.239526084580980292e-01
2.241811619873115280e-01
2.244100507549628698e-01
2.246392779069044943e-01
2.248688465431841477e-01
2.250987597189926248e-01
2.253290204455958290e-01
2.255596316912497901e-01
2.257905963821001394e-01
2.260219174030667633e-01
2.262535975987116366e-01
2.264856397740924732e-01
2.267180466956016938e-01
2.269508210917894064e-01
2.271839656541736197e-01
2.274174830380347179e-01
2.276513758631963924e-01
2.278856467147936105e-01
2.281202981440255406e-01
2.283553326688961826e-01
2.285907527749408419e-01
2.288265609159411962e-01
2.290627595146255968e-01
2.292993509633580729e-01
2.295363376248150400e-01
2.297737218326488806e-01
2.300115058921406164e-01
2.302496920808398684e-01
2.304882826491938264e-01
2.307272798211642273e-01
2.309666857948340368e-01
2.312065027430015851e-01
2.314467328137652380e-01
2.316873781310969382e-01
2.319284407954044502e-01
2.321699228840844453e-01
2.324118264520639854e-01
2.326541535323338183e-01
2.328969061364693782e-01
2.331400862551444852e-01
2.333836958586343602e-01
2.336277368973083413e-01
2.338722113021153015e-01
2.341171209850582968e-01
2.343624678396612482e-01
2.346082537414265201e-01
2.348544805482834230e-01
2.351011501010289717e-01
2.353482642237599842e-01
2.355958247242961046e-01
2.358438333945964416e-01
2.360922920111663548e-01
2.363412023354580505e-01
2.365905661142620187e-01
2.368403850800922805e-01
2.370906609515630870e-01
2.373413954337588172e-01
2.375925902185962169e-01
2.378442469851807795e-01
2.380963674001542185e-01
2.383489531180368048e-01
2.386020057815621820e-01
2.388555270220054649e-01
2.391095184595055378e-01
2.393639817033796913e-01
2.396189183524334576e-01
2.398743299952634245e-01
2.401302182105534977e-01
2.403865845673665569e-01
2.406434306254286448e-01
2.409007579354087991e-01
2.411585680391927222e-01
2.414168624701494570e-01
2.416756427533955087e-01
2.419349104060508349e-01
2.421946669374904493e-01
2.424549138495916689e-01
2.427156526369752820e-01
2.429768847872412207e-01
2.432386117812010418e-01
2.435008350931034682e-01
2.437635561908566006e-01
2.440267765362451047e-01
2.442904975851422633e-01
2.445547207877176721e-01
2.448194475886411037e-01
2.450846794272813212e-01
2.453504177379006723e-01
2.456166639498451876e-01
2.458834194877316526e-01
2.461506857716288521e-01
2.464184642172363715e-01
2.466867562360582633e-01
2.469555632355737163e-01
2.472248866194030337e-01
2.474947277874705587e-01
2.477650881361637691e-01
2.480359690584883758e-01
2.483073719442197846e-01
2.485792981800523382e-01
2.488517491497429512e-01
2.491247262342529689e-01
2.493982308118865565e-01
2.496722642584248419e-01
2.499468279472578935e-01
2.502219232495131451e-01
2.504975515341800185e-01
2.507737141682329640e-01
2.510504125167500877e-01
2.513276479430296972e-01
2.516054218087033223e-01
2.518837354738462375e-01
2.521625902970851540e-01
2.524419876357034132e-01
2.527219288457423496e-01
2.530024152821013783e-01
2.532834482986348612e-01
2.535650292482459767e-01
2.538471594829785349e-01
2.541298403541067397e-01
2.544130732122211747e-01
2.546968594073134029e-01
2.549812002888580675e-01
2.552660972058926059e-01
2.555515515070939103e-01
2.558375645408546561e-01
2.561241376553543003e-01
2.564112721986315235e-01
2.566989695186518428e-01
2.569872309633732255e-01
2.572760578808123144e-01
2.575654516191047683e-01
2.578554135265664349e-01
2.581459449517513050e-01
2.584370472435078558e-01
2.587287217510331194e-01
2.590209698239253622e-01
2.593137928122346003e-01
2.596071920665113386e-01
2.599011689378533663e-01
2.601957247779508875e-01
2.604908609391300423e-01
2.607865787743947061e-01
2.610828796374657368e-01
2.613797648828201092e-01
2.616772358657269426e-01
2.619752939422827498e-01
2.622739404694446885e-01
2.625731768050622583e-01
2.628730043079081091e-01
2.631734243377056859e-01
2.634744382551574837e-01
2.637760474219706386e-01
2.640782532008799088e-01
2.643810569556720447e-01
2.646844600512061052e-01
2.649884638534337755e-01
2.652930697294176854e-01
2.655982790473484512e-01
2.659040931765612181e-01
2.662105134875488721e-01
2.665175413519761394e-01
2.668251781426907443e-01
2.671334252337344561e-01
2.674422840003516377e-01
2.677517558189979607e-01
2.680618420673465119e-01
2.683725441242932885e-01
2.686838633699621393e-01
2.689958011857066511e-01
2.693083589541129252e-01
2.696215380589999100e-01
2.699353398854188457e-01
2.702497658196514885e-01
2.705648172492075010e-01
2.708804955628203448e-01
2.711968021504423954e-01
2.715137384032382251e-01
2.718313057135779975e-01
2.721495054750284748e-01
2.724683390823435247e-01
2.727878079314540738e-01
2.731079134194558944e-01
2.734286569445974480e-01
2.737500399062652301e-01
2.740720637049695596e-01
2.743947297423289799e-01
2.747180394210529397e-01
2.750419941449235295e-01
2.753665953187772186e-01
2.756918443484847048e-01
2.760177426409298196e-01
2.763442916039873798e-01
2.766714926465007607e-01
2.769993471782569161e-01
2.773278566099628972e-01
2.776570223532184301e-01
2.779868458204897697e-01
2.783173284250816670e-01
2.786484715811085588e-01
2.789802767034640918e-01
2.793127452077909245e-01
2.796458785104489753e-01
2.799796780284821707e-01
2.803141451795847505e-01
2.806492813820666843e-01
2.809850880548182550e-01
2.813215666172729224e-01
2.816587184893699636e-01
2.819965450915158378e-01
2.823350478445444400e-01
2.826742281696774106e-01
2.830140874884813917e-01
2.833546272228267271e-01
2.836958487948434415e-01
2.840377536268768877e-01
2.843803431414427818e-01
2.847236187611805747e-01
2.850675819088063223e-01
2.854122340070643360e-01
2.857575764786782213e-01
2.861036107462998079e-01
2.864503382324593006e-01
2.867977603595117109e-01
2.871458785495847876e-01
2.874946942245245607e-01
2.878442088058394410e-01
2.881944237146449317e-01
2.885453403716061738e-01
2.888969601968797707e-01
2.892492846100541692e-01
2.896023150300899851e-01
2.899560528752588295e-01
2.903104995630805263e-01
2.906656565102596623e-01
2.910215251326219166e-01
2.913781068450483902e-01
2.917354030614087157e-01
2.920934151944936663e-01
2.924521446559470439e-01
2.928115928561952352e-01
2.931717612043772125e-01
2.935326511082716472e-01
2.938942639742246343e-01
2.942566012070757520e-01
2.946196642100825103e-01
2.949834543848436907e-01
2.953479731312222412e-01
2.957132218472672269e-01
2.960792019291325072e-01
2.964459147709974096e-01
2.968133617649839073e-01
2.971815443010730196e-01
2.975504637670207675e-01
2.979201215482724652e-01
2.982905190278754004e-01
2.986616575863912382e-01
2.990335386018062591e-01
2.994061634494408763e-01
2.997795335018573204e-01
3.001536501287674352e-01
3.005285146969371435e-01
3.009041285700919666e-01
3.012804931088182148e-01
3.016576096704665644e-01
3.020354796090505278e-01
3.024141042751471997e-01
3.027934850157931734e-01
3.031736231743820120e-01
3.035545200905581664e-01
3.039361771001111712e-01
3.043185955348673977e-01
3.047017767225799201e-01
3.050857219868187697e-01
3.054704326468583031e-01
3.058559100175627377e-01
3.062421554092714659e-01
3.066291701276823156e-01
3.070169554737329221e-01
3.074055127434809354e-01
3.077948432279830615e-01
3.081849482131713280e-01
3.085758289797288501e-01
3.089674868029643195e-01
3.093599229526830530e-01
3.097531386930585384e-01
3.101471352825006522e-01
3.105419139735232648e-01
3.109374760126102366e-01
3.113338226400780839e-01
3.117309550899394766e-01
3.121288745897622396e-01
3.125275823605292436e-01
3.129270796164945745e-01
3.133273675650380397e-01
3.137284474065195616e-01
3.141303203341297423e-01
3.145329875337390946e-01
3.149364501837464969e-01
3.153407094549238732e-01
3.157457665102613165e-01
3.161516225048068840e-01
3.165582785855086123e-01
3.169657358910507039e-01
3.173739955516904909e-01
3.177830586890910136e-01
3.181929264161542092e-01
3.186035998368495492e-01
3.190150800460417879e-01
3.194273681293159362e-01
3.198404651628021234e-01
3.202543722129945203e-01
3.206690903365720380e-01
3.210846205802135311e-01
3.215009639804134456e-01
3.219181215632930249e-01
3.223360943444109061e-01
3.227548833285696084e-01
3.231744895096221315e-01
3.235949138702730599e-01
3.240161573818801655e-01
3.244382210042524584e-01
3.248611056854442403e-01
3.252848123615496578e-01
3.257093419564924264e-01
3.261346953818139993e-01
3.265608735364584625e-01
3.269878773065564292e-01
3.274157075652037174e-01
3.278443651722402485e-01
3.282738509740238397e-01
3.287041658032028857e-01
3.291353104784856543e-01
3.295672858044064180e-01
3.300000925710900312e-01
3.304337315540119002e-01
3.308682035137571198e-01
3.313035091957753919e-01
3.317396493301320026e-01
3.321766246312591875e-01
3.326144357977009469e-01
3.330530835118570288e-01
3.334925684397229140e-01
3.339328912306269159e-01
3.343740525169647815e-01
3.348160529139290187e-01
3.352588930192389460e-01
3.357025734128625816e-01
3.361470946567398088e-01
3.365924572944992144e-01
3.370386618511727606e-01
3.374857088329076271e-01
3.379335987266732788e-01
3.383823319999655910e-01
3.388319091005088657e-01
3.392823304559519082e-01
3.397335964735630487e-01
3.401857075399188357e-01
3.406386640205926186e-01
3.410924662598353585e-01
3.415471145802566610e-01
3.420026092824994257e-01
3.424589506449109422e-01
3.429161389232124324e-01
3.433741743501615429e-01
3.438330571352128939e-01
3.442927874641751318e-01
3.447533654988617080e-01
3.452147913767406040e-01
3.456770652105766728e-01
3.461401870880734255e-01
3.466041570715082121e-01
3.470689751973632386e-01
3.475346414759538649e-01
3.480011558910517944e-01
3.484685183995032132e-01
3.489367289308440423e-01
3.494057873869100272e-01
3.498756936414415541e-01
3.503464475396855793e-01
3.508180488979919520e-01
3.512904975034055188e-01
3.517637931132535090e-01
3.522379354547279240e-01
3.527129242244644303e-01
3.531887590881145345e-01
3.536654396799143174e-01
3.541429656022482275e-01
3.546213364252076561e-01
3.551005516861447942e-01
3.555806108892204387e-01
3.560615135049484126e-01
3.565432589697342114e-01
3.570258466854075996e-01
3.575092760187513763e-01
3.579935463010240349e-01
3.584786568274773155e-01
3.589646068568690396e-01
3.594513956109688935e-01
3.599390222740610490e-01
3.604274859924389562e-01
3.609167858738965284e-01
3.614069209872127209e-01
3.618978903616302811e-01
3.623896929863290595e-01
3.628823278098947669e-01
3.633757937397795179e-01
3.638700896417582653e-01
3.643652143393790732e-01
3.648611666134067844e-01
3.653579452012616913e-01
3.658555487964506581e-01
3.663539760479938012e-01
3.668532255598441205e-01
3.673532958903002466e-01
3.678541855514148029e-01
3.683558930083936644e-01
3.688584166789921071e-01
3.693617549329016869e-01
3.698659060911321239e-01
3.703708684253860239e-01
3.708766401574280502e-01
3.713832194584453794e-01
3.718906044484033280e-01
3.723987931953938735e-01
3.729077837149765151e-01
3.734175739695128060e-01
3.739281618674942242e-01
3.744395452628627163e-01
3.749517219543235247e-01
3.754646896846531856e-01
3.759784461399967026e-01
3.764929889491623882e-01
3.770083156829036608e-01
3.775244238531991203e-01
3.780413109125214666e-01
3.785589742531004775e-01
3.790774112061781054e-01
3.795966190412572439e-01
3.801165949653405596e-01
3.806373361221642160e-01
3.811588395914221605e-01
3.816811023879838061e-01
3.822041214611024973e-01
3.827278936936188702e-01
3.832524159011526099e-01
3.837776848312891564e-01
3.843036971627579734e-01
3.848304495046017681e-01
3.853579383953381066e-01
3.858861603021128128e-01
3.864151116198469293e-01
3.869447886703715200e-01
3.874751877015588097e-01
3.880063048864418884e-01
3.885381363223263107e-01
3.890706780298952561e-01
3.896039259523049192e-01
3.901378759542706853e-01
3.906725238211458673e-01
3.912078652579923377e-01
3.917438958886406697e-01
3.922806112547440049e-01
3.928180068148217075e-01
3.933560779432934695e-01
3.938948199295080888e-01
3.944342279767596993e-01
3.949742972012967868e-01
3.955150226313232653e-01
3.960563992059882854e-01
3.965984217743706575e-01
3.971410850944501747e-01
3.976843838320731628e-01
3.982283125599078710e-01
3.987728657563913148e-01
3.993180378046658485e-01
3.998638229915081332e-01
4.004102155062488899e-01
4.009572094396821607e-01
4.015047987829679643e-01
4.020529774265226841e-01
4.026017391589036265e-01
4.031510776656815898e-01
4.037009865283066601e-01
4.042514592229630166e-01
4.048024891194152430e-01
4.053540694798474786e-01
4.059061934576881914e-01
4.064588540964325092e-01
4.070120443284500622e-01
4.075657569737866637e-01
4.081199847389557767e-01
4.086747202157204328e-01
4.092299558798677128e-01
