0.000000000000000000e+00
5.574262902254887415e-05
5.641144320098516116e-05
5.708855738308192264e-05
5.777407793747163430e-05
5.846811263799919154e-05
5.917077068258094216e-05
5.988216271237101581e-05
6.060240083217670191e-05
6.133159862955766693e-05
6.206987119534111957e-05
6.281733514416481265e-05
6.357410863481946777e-05
6.434031139196606981e-05
6.511606472658146695e-05
6.590149155836540077e-05
6.669671643722905447e-05
6.750186556579093340e-05
6.831706682138101916e-05
6.914244977970849648e-05
6.997814573749707562e-05
7.082428773584312535e-05
7.168101058489376772e-05
7.254845088664176804e-05
7.342674706096590257e-05
7.431603936911987342e-05
7.521646993987301914e-05
7.612818279460447225e-05
7.705132387338112167e-05
7.798604106092330609e-05
7.893248421358938633e-05
7.989080518633226392e-05
8.086115785997767742e-05
8.184369816893903907e-05
8.283858412964121784e-05
8.384597586873954362e-05
8.486603565218188720e-05
8.589892791493858152e-05
8.694481929011621806e-05
8.800387863977658144e-05
8.907627708518827531e-05
9.016218803787797440e-05
9.126178723153247714e-05
9.237525275333546880e-05
9.350276507661649456e-05
9.464450709366742820e-05
9.580066414947503749e-05
9.697142407457405827e-05
9.815697722011036046e-05
9.935751649218756490e-05
1.005732373869632233e-04
1.018043380266883761e-04
1.030510191959956771e-04
1.043134843779632785e-04
1.055919397920802427e-04
1.068865944318683043e-04
1.081976601026442248e-04
1.095253514608338715e-04
1.108698860537986764e-04
1.122314843586069640e-04
1.136103698236283098e-04
1.150067689091267343e-04
1.164209111289181355e-04
1.178530290928158416e-04
1.193033585491285852e-04
1.207721384288596041e-04
1.222596108885631741e-04
1.237660213566261103e-04
1.252916185767865035e-04
1.268366546557644296e-04
1.284013851088019369e-04
1.299860689073734988e-04
1.315909685270374389e-04
1.332163499960822123e-04
1.348624829449047134e-04
1.365296406558596956e-04
1.382181001141808449e-04
1.399281420591969721e-04
1.416600510369344127e-04
1.434141154522447623e-04
1.451906276233518468e-04
1.469898838357264334e-04
1.488121843975700868e-04
1.506578336953899361e-04
1.525271402511325783e-04
1.544204167798988439e-04
1.563379802479779128e-04
1.582801519319645771e-04
1.602472574793370041e-04
1.622396269691616765e-04
1.642575949736147921e-04
1.663015006210620398e-04
1.683716876590664942e-04
1.704685045196844477e-04
1.725923043839291710e-04
1.747434452487679941e-04
1.769222899938403132e-04
1.791292064501129853e-04
1.813645674686512998e-04
1.836287509912185912e-04
1.859221401209001391e-04
1.882451231949025191e-04
1.905980938570218659e-04
1.929814511326000820e-04
1.953955995030340570e-04
1.978409489828590270e-04
2.003179151971239364e-04
2.028269194592336030e-04
2.053683888515309066e-04
2.079427563054154257e-04
2.105504606837706671e-04
2.131919468636519100e-04
2.158676658212716642e-04
2.185780747164082518e-04
2.213236369804996728e-04
2.241048224034102184e-04
2.269221072231952005e-04
2.297759742167834859e-04
2.326669127912802488e-04
2.355954190771267166e-04
2.385619960231846466e-04
2.415671534913184913e-04
2.446114083545802864e-04
2.476952845950323610e-04
2.508193134041419381e-04
2.539840332837639959e-04
2.571899901489829937e-04
2.604377374325029474e-04
2.637278361900860903e-04
2.670608552084879103e-04
2.704373711131006987e-04
2.738579684791829353e-04
2.773232399436782627e-04
2.808337863178612189e-04
2.843902167036356466e-04
2.879931486093876051e-04
2.916432080687572236e-04
2.953410297606536483e-04
2.990872571311672880e-04
3.028825425167625571e-04
3.067275472700879365e-04
3.106229418866864110e-04
3.145694061341398852e-04
3.185676291822020674e-04
3.226183097367099064e-04
3.267221561725786603e-04
3.308798866709428458e-04
3.350922293577289859e-04
3.393599224432803036e-04
3.436837143653686264e-04
3.480643639332172551e-04
3.525026404738379536e-04
3.569993239804325307e-04
3.615552052635842366e-04
3.661710861032606854e-04
3.708477794040358809e-04
3.755861093524116390e-04
3.803869115760831455e-04
3.852510333050088447e-04
3.901793335363722874e-04
3.951726832000936160e-04
4.002319653274522752e-04
4.053580752225459426e-04
4.105519206353445364e-04
4.158144219380311454e-04
4.211465123028278819e-04
4.265491378834914880e-04
4.320232579986408640e-04
4.375698453178286586e-04
4.431898860503684129e-04
4.488843801370069760e-04
4.546543414436525683e-04
4.605007979587283080e-04
4.664247919925822530e-04
4.724273803802841098e-04
4.785096346868804263e-04
4.846726414162329634e-04
4.909175022213519649e-04
4.972453341194122594e-04
5.036572697092599367e-04
5.101544573909712029e-04
5.167380615902270437e-04
5.234092629846247074e-04
5.301692587333595380e-04
5.370192627110073700e-04
5.439605057430582343e-04
5.509942358466449110e-04
5.581217184731037837e-04
5.653442367547737313e-04
5.726630917550770087e-04
5.800796027221794037e-04
5.875951073457136992e-04
5.952109620187318083e-04
6.029285421007785171e-04
6.107492421870383851e-04
6.186744763802497476e-04
6.267056785659725878e-04
6.348443026930400889e-04
6.430918230565041763e-04
6.514497345858653518e-04
6.599195531361779421e-04
6.685028157841070053e-04
6.772010811276492999e-04
6.860159295906993358e-04
6.949489637308039558e-04
7.040018085519578065e-04
7.131761118222604799e-04
7.224735443945144459e-04
7.318958005327690737e-04
7.414445982430566129e-04
7.511216796078220518e-04
7.609288111265463716e-04
7.708677840597057823e-04
7.809404147784727857e-04
7.911485451188894624e-04
8.014940427413103086e-04
8.119788014936869412e-04
8.226047417819722183e-04
8.333738109436359103e-04
8.442879836274835978e-04
8.553492621782301207e-04
8.665596770275201281e-04
8.779212870879429765e-04
8.894361801555330290e-04
9.011064733151907943e-04
9.129343133536713638e-04
9.249218771768474238e-04
9.370713722335662771e-04
9.493850369449395848e-04
9.618651411401043854e-04
9.745139864967742281e-04
9.873339069891469422e-04
1.000327269341664280e-03
1.013496473487996222e-03
1.026843953037608189e-03
1.040372175747800772e-03
1.054083644002931208e-03
1.067980895299526630e-03
1.082066502738239077e-03
1.096343075522599082e-03
1.110813259464599537e-03
1.125479737496646628e-03
1.140345230191184764e-03
1.155412496286928629e-03
1.170684333222334235e-03
1.186163577675910423e-03
1.201853106114203051e-03
1.217755835347730494e-03
1.233874723092968353e-03
1.250212768543127904e-03
1.266773012945928084e-03
1.283558540189624984e-03
1.300572477396272960e-03
1.317817995523508021e-03
1.335298309973913895e-03
1.353016681212815611e-03
1.370976415393923131e-03
1.389180864994069486e-03
1.407633429454713475e-03
1.426337555834474328e-03
1.445296739467751565e-03
1.464514524633479331e-03
1.483994505232610070e-03
1.503740325473492496e-03
1.523755680568146661e-03
1.544044317435114061e-03
1.564610035414162404e-03
1.585456686988036832e-03
1.606588178515177623e-03
1.628008470971286075e-03
1.649721580700504002e-03
1.671731580176461429e-03
1.694042598773102919e-03
1.716658823545554480e-03
1.739584500020864523e-03
1.762823932999189576e-03
1.786381487364353381e-03
1.810261588906673718e-03
1.834468725153588992e-03
1.859007446213439439e-03
1.883882365628254370e-03
1.909098161237899249e-03
1.934659576055509098e-03
1.960571419153148316e-03
1.986838566558854404e-03
2.013465962165721535e-03
2.040458618651249788e-03
2.067821618408446048e-03
2.095560114489138873e-03
2.123679331557716023e-03
2.152184566858113962e-03
2.181081191191590416e-03
2.210374649907130475e-03
2.240070463903320961e-03
2.270174230643617723e-03
2.300691625182352176e-03
2.331628401204699323e-03
2.362990392078236340e-03
2.394783511917756604e-03
2.427013756662211186e-03
2.459687205164951766e-03
2.492810020297607163e-03
2.526388450065486686e-03
2.560428828737487065e-03
2.594937577988822887e-03
2.629921208057548528e-03
2.665386318913782158e-03
2.701339601443496219e-03
2.737787838645283633e-03
2.774737906841495336e-03
2.812196776903022263e-03
2.850171515488449103e-03
2.888669286296405379e-03
2.927697351333209859e-03
2.967263072194459977e-03
3.007373911360866799e-03
3.048037433508564951e-03
3.089261306834139523e-03
3.131053304394565504e-03
3.173421305461665565e-03
3.216373296891119563e-03
3.259917374506846304e-03
3.304061744500788340e-03
3.348814724846267514e-03
3.394184746728426665e-03
3.440180355988683124e-03
3.486810214584472496e-03
3.534083102065497910e-03
3.582007917063879162e-03
3.630593678801074045e-03
3.679849528609446373e-03
3.729784731470362456e-03
3.780408677567285124e-03
3.831730883854738735e-03
3.883760995643293495e-03
3.936508788200127583e-03
3.989984168365208299e-03
4.044197176184374624e-03
4.099157986556793698e-03
4.154876910900034276e-03
4.211364398829894017e-03
4.268631039856540972e-03
4.326687565096876478e-03
4.385544849002854031e-03
4.445213911105565067e-03
4.505705917775821960e-03
4.567032184000095058e-03
4.629204175173003318e-03
4.692233508905305564e-03
4.756131956848626621e-03
4.820911446534937271e-03
4.886584063233411802e-03
4.953162051821061000e-03
5.020657818671721111e-03
5.089083933558689876e-03
5.158453131573517182e-03
5.228778315061952987e-03
5.300072555572601235e-03
5.372349095823214168e-03
5.445621351682355428e-03
5.519902914164308630e-03
5.595207551441698339e-03
5.671549210871064221e-03
5.748942021034521288e-03
5.827400293795819211e-03
5.906938526370674077e-03
5.987571403412422950e-03
6.069313799111314238e-03
6.152180779307575217e-03
6.236187603619755548e-03
6.321349727585111496e-03
6.407682804815354599e-03
6.495202689163883346e-03
6.583925436907797288e-03
6.673867308941539879e-03
6.765044772983903019e-03
6.857474505796914456e-03
6.951173395417509226e-03
7.046158543400356244e-03
7.142447267071990076e-03
7.240057101797215885e-03
7.339005803255691136e-03
7.439311349728526188e-03
7.540991944396526619e-03
7.644066017646634729e-03
7.748552229389464585e-03
7.854469471384588689e-03
7.961836869574830458e-03
8.070673786429508750e-03
8.180999823294702808e-03
8.292834822751029428e-03
8.406198870978535964e-03
8.521112300127930278e-03
8.637595690697566497e-03
8.755669873916240367e-03
8.875355934129814869e-03
8.996675211194156765e-03
9.119649302869113974e-03
9.244300067218163761e-03
9.370649625009322067e-03
9.498720362117754612e-03
9.628534931930563326e-03
9.760116257751697694e-03
9.893487535207058647e-03
1.002867223464809672e-02
1.016569410355547438e-02
1.030457716893881139e-02
1.044534573973435708e-02
1.058802440919908577e-02
1.073263805729996259e-02
1.087921185309697995e-02
1.102777125712211224e-02
1.117834202374894809e-02
1.133095020355496044e-02
1.148562214567607105e-02
1.164238450014955933e-02
1.180126422024779798e-02
1.196228856479856703e-02
1.212548510049380260e-02
1.229088170418405658e-02
1.245850656515803262e-02
1.262838818740588155e-02
1.280055539186562320e-02
1.297503731865166758e-02
1.315186342926267377e-02
1.333106350877022797e-02
1.351266766798428325e-02
1.369670634559641033e-02
1.388321031029829747e-02
1.407221066287430225e-02
1.426373883826689490e-02
1.445782660761404069e-02
1.465450608025598879e-02
1.485380970571139291e-02
1.505577027561951983e-02
1.526042092564998225e-02
1.546779513737394501e-02
1.567792674009998999e-02
1.589084991266984104e-02
1.610659918521348960e-02
1.632520944086132339e-02
1.654671591741301018e-02
1.677115420895915893e-02
1.699856026745612952e-02
1.722897040424949469e-02
1.746242129154832942e-02
1.769894996384303865e-02
1.793859381926986643e-02
1.818139062091582436e-02
1.842737849806473649e-02
1.867659594738183340e-02
1.892908183403200703e-02
1.918487539273469600e-02
1.944401622874626645e-02
1.970654431877465890e-02
1.997250001181789802e-02
2.024192402992731551e-02
2.051485746889209622e-02
2.079134179884237210e-02
2.107141886476763398e-02
2.135513088694898989e-02
2.164252046130117971e-02
2.193363055962171959e-02
2.222850452974418217e-02
2.252718609559399218e-02
2.282971935713992359e-02
2.313614879024168333e-02
2.344651924638881113e-02
2.376087595232664190e-02
2.407926450956683964e-02
2.440173089377881827e-02
2.472832145405759116e-02
2.505908291206391386e-02
2.539406236103482900e-02
2.573330726465708831e-02
2.607686545580277515e-02
2.642478513511926919e-02
2.677711486947213781e-02
2.713390359023477513e-02
2.749520059141866146e-02
2.786105552764309157e-02
2.823151841193514630e-02
2.860663961335682681e-02
2.898646985445408122e-02
2.937106020852077795e-02
2.976046209667313619e-02
3.015472728472817429e-02
3.055390787987962917e-02
3.095805632716509478e-02
3.136722540571898477e-02
3.178146822480319711e-02
3.220083821960861847e-02
3.262538914682087260e-02
3.305517507994328724e-02
3.349025040436742762e-02
3.393066981218603728e-02
3.437648829673831119e-02
3.482776114687951424e-02
3.528454394096633417e-02
3.574689254055009313e-02
3.621486308376664631e-02
3.668851197841513367e-02
3.716789589471589106e-02
3.765307175773537074e-02
3.814409673947039697e-02
3.864102825058028656e-02
3.914392393175483015e-02
3.965284164470783690e-02
4.016783946278529305e-02
4.068897566117499892e-02
4.121630870670638797e-02
4.174989724722738549e-02
4.228980010054664979e-02
4.283607624292631866e-02
4.338878479711417990e-02
4.394798501989837652e-02
4.451373628917461300e-02
4.508609809050753009e-02
4.566513000317382054e-02
4.625089168567128595e-02
4.684344286068010260e-02
4.744284329945734624e-02
4.804915280565335428e-02
4.866243119852910887e-02
4.928273829556288621e-02
4.991013389442569559e-02
5.054467775431111670e-02
5.118642957660183429e-02
5.183544898485450969e-02
5.249179550408695355e-02
5.315552853935077288e-02
5.382670735356957087e-02
5.450539104462566453e-02
5.519163852167931206e-02
5.588550848070065330e-02
5.658705937919756429e-02
5.729634941012035076e-02
5.801343647492773759e-02
5.873837815579509986e-02
5.947123168694786605e-02
6.021205392510402266e-02
6.096090131900651354e-02
6.171782987803239168e-02
6.248289513986021726e-02
6.325615213718084606e-02
6.403765536343744569e-02
6.482745873757862765e-02
6.562561556781278116e-02
6.643217851435057053e-02
6.724719955112043457e-02
6.807072992645175902e-02
6.890282012270945722e-02
6.974351981487547647e-02
7.059287782806701605e-02
7.145094209398544782e-02
7.231775960629174826e-02
7.319337637490351545e-02
7.407783737921320999e-02
7.497118652022488616e-02
7.587346657161425645e-02
7.678471912971313040e-02
7.770498456242483365e-02
7.863430195707792059e-02
7.957270906722901938e-02
8.052024225842754901e-02
8.147693645295561726e-02
8.244282507356257006e-02
8.341793998621424566e-02
8.440231144188060919e-02
8.539596801738708054e-02
8.639893655536064199e-02
8.741124210330286637e-02
8.843290785182647551e-02
8.946395507209425890e-02
9.050440305250465056e-02
9.155426903467066280e-02
9.261356814874323329e-02
9.368231334813269251e-02
9.476051534368890028e-02
9.584818253739951777e-02
9.694532095567760799e-02
9.805193418230591373e-02
9.916802329111394643e-02
1.002935867784686685e-01
1.014286204956605653e-01
1.025731175812746310e-01
1.037270683936381971e-01
1.048904604434411220e-01
1.060632783266322043e-01
1.072455036576924342e-01
1.084371150033990733e-01
1.096380878171908518e-01
1.108483943742538946e-01
1.120680037074465035e-01
1.132968815441923460e-01
1.145349902444661172e-01
1.157822887400091066e-01
1.170387324749032759e-01
1.183042733476501601e-01
1.195788596548890553e-01
1.208624360369034562e-01
1.221549434250588928e-01
1.234563189913214509e-01
1.247664961000076178e-01
1.260854042619158344e-01
1.274129690909923673e-01
1.287491122636849339e-01
1.300937514811365547e-01
1.314468004343740393e-01
1.328081687726406501e-01
1.341777620750292666e-01
1.355554818255607918e-01
1.369412253918591282e-01
1.383348860075669373e-01
1.397363527586449605e-01
1.411455105736931503e-01
1.425622402184293647e-01
1.439864182944558813e-01
1.454179172424386046e-01
1.468566053498180923e-01
1.483023467631688352e-01
1.497550015053081551e-01
1.512144254972599133e-01
1.526804705851616539e-01
1.541529845721976710e-01
1.556318112556382693e-01
1.571167904690436989e-01
1.586077581296923833e-01
1.601045462912799033e-01
1.616069832019217667e-01
1.631148933674835821e-01
1.646280976202547930e-01
1.661464131929628329e-01
1.676696537981192670e-01
1.691976297126736861e-01
1.707301478679415785e-01
1.722670119447533010e-01
1.738080224737698354e-01
1.753529769408820327e-01
1.769016698976164648e-01
1.784538930764399678e-01
1.800094355108509958e-01
1.815680836601360204e-01
1.831296215386472304e-01
1.846938308494537051e-01
1.862604911221991122e-01
1.878293798549935945e-01
1.894002726601496933e-01
1.909729434135650217e-01
1.925471644075425204e-01
1.941227065068273361e-01
1.956993393076285614e-01
1.972768312993914697e-01
1.988549500290682504e-01
2.004334622676324507e-01
2.020121341785728331e-01
2.035907314881006958e-01
2.051690196567891034e-01
2.067467640523664441e-01
2.083237301233798744e-01
2.098996835734364685e-01
2.114743905357347187e-01
2.130476177475907340e-01
2.146191327246653457e-01
2.161887039345989359e-01
2.177561009697617234e-01
2.193210947188253546e-01
2.208834575368680275e-01
2.224429634137308764e-01
2.239993881403384846e-01
2.255525094727139912e-01
2.271021072934131524e-01
2.286479637701172296e-01
2.301898635111290226e-01
2.317275937175210243e-01
2.332609443317007480e-01
2.347897081821605780e-01
2.363136811241947632e-01
2.378326621763736382e-01
2.393464536525779507e-01
2.408548612894073349e-01
2.423576943687885121e-01
2.438547658356232384e-01
2.453458924103254502e-01
2.468308946961119688e-01
2.483095972809266638e-01
2.497818288338863046e-01
2.512474221961533694e-01
2.527062144661552656e-01
2.541580470790789636e-01
2.556027658805894442e-01
2.570402211947280802e-01
2.584702678859641667e-01
2.598927654153858069e-01
2.613075778910271540e-01
2.627145741123423361e-01
2.641136276088523194e-01
2.655046166729973511e-01
2.668874243872459417e-01
2.682619386455130095e-01
2.696280521689642939e-01
2.709856625162802013e-01
2.723346720884741723e-01
2.736749881283617736e-01
2.750065227147906466e-01
2.763291927517482760e-01
2.776429199524700353e-01
2.789476308186829012e-01
2.802432566151221160e-01
2.815297333394642942e-01
2.828070016878307946e-01
2.840750070160147911e-01
2.853336992965923025e-01
2.865830330720828822e-01
2.878229674043261133e-01
2.890534658202438267e-01
2.902744962541637386e-01
2.914860309868733679e-01
2.926880465815861476e-01
2.938805238169914236e-01
2.950634476175663656e-01
2.962368069813277049e-01
2.974005949051973241e-01
2.985548083081581705e-01
2.996994479523700239e-01
3.008345183624239749e-01
3.019600277428964308e-01
3.030759878943756203e-01
3.041824141281220806e-01
3.052793251795249962e-01
3.063667431205094327e-01
3.074446932710533931e-01
3.085132041099573619e-01
3.095723071850202679e-01
3.106220370227560368e-01
3.116624310377941742e-01
3.126935294420927769e-01
3.137153751540925350e-01
3.147280137079387363e-01
3.157314931628845689e-01
3.167258640129919089e-01
3.177111790972368954e-01
3.186874935101255413e-01
3.196548645129168587e-01
3.206133514455444256e-01
3.215630156393318728e-01
3.225039203305761215e-01
3.234361305750853566e-01
3.243597131637425135e-01
3.252747365391609469e-01
3.261812707135002265e-01
3.270793871874989600e-01
3.279691588707824290e-01
3.288506600034913907e-01
3.297239660792830596e-01
3.305891537697429050e-01
3.314463008502466224e-01
3.322954861273050287e-01
3.331367893674247460e-01
3.339702912275065438e-01
3.347960731868068751e-01
3.356142174804829792e-01
3.364248070347335973e-01
3.372279254035501217e-01
3.380236567070890596e-01
3.388120855716704738e-01
3.395932970714057864e-01
3.403673766714572779e-01
3.411344101729292810e-01
3.418944836593840741e-01
3.426476834449782016e-01
3.433940960242128360e-01
3.441338080232825836e-01
3.448669061530189595e-01
3.455934771634058267e-01
3.463136077996581408e-01
3.470273847598432937e-01
3.477348946540287922e-01
3.484362239649339554e-01
3.491314590100684789e-01
3.498206859053318296e-01
3.505039905300545988e-01
3.511814584934528360e-01
3.518531751024771559e-01
3.525192253310234780e-01
3.531796937904876366e-01
3.538346647016304414e-01
3.544842218677276557e-01
3.551284486489826309e-01
3.557674279381651261e-01
3.564012421374537221e-01
3.570299731364541818e-01
3.576537022913608421e-01
3.582725104052362219e-01
3.588864777093787595e-01
3.594956838457493697e-01
3.601002078504301762e-01
3.607001281380856073e-01
3.612955224873971027e-01
3.618864680274438972e-01
3.624730412250032896e-01
3.630553178727388697e-01
3.636333730782542739e-01
3.642072812539809967e-01
3.647771161078754987e-01
3.653429506349002431e-01
3.659048571092587965e-01
3.664629070773646746e-01
3.670171713515127387e-01
3.675677200042337667e-01
3.681146223633037229e-01
3.686579470073861886e-01
3.691977617622834162e-01
3.697341336977735260e-01
3.702671291250097529e-01
3.707968135944628152e-01
3.713232518943807015e-01
3.718465080497499464e-01
3.723666453217315264e-01
3.728837262075574976e-01
3.733978124408643406e-01
3.739089649924454140e-01
3.744172440714058081e-01
3.749227091266973400e-01
3.754254188490203092e-01
3.759254311730718667e-01
3.764228032801269497e-01
3.769175916009318561e-01
3.774098518188994111e-01
3.778996388735874623e-01
3.783870069644469369e-01
3.788720095548226974e-01
3.793546993761997554e-01
3.798351284326743627e-01
3.803133480056393734e-01
3.807894086586743887e-01
3.812633602426239166e-01
3.817352519008552214e-01
3.822051320746819303e-01
3.826730485089454570e-01
3.831390482577411438e-01
3.836031776902790735e-01
3.840654824968726677e-01
3.845260076950424155e-01
3.849847976357260171e-01
3.854418960095877256e-01
3.858973458534197265e-01
3.863511895566215659e-01
3.868034688677569610e-01
3.872542249011772797e-01
3.877034981437022521e-01
3.881513284613572479e-01
3.885977551061533530e-01
3.890428167229098566e-01
3.894865513561096004e-01
3.899289964567834166e-01
3.903701888894161587e-01
3.908101649388708299e-01
3.912489603173259778e-01
3.916866101712196957e-01
3.921231490881965653e-01
3.925586111040547665e-01
3.929930297096865810e-01
3.934264378580096255e-01
3.938588679708859286e-01
3.942903519460231876e-01
3.947209211638571524e-01
3.951506064944103058e-01
3.955794383041243423e-01
3.960074464626626711e-01
3.964346603496833876e-01
3.968611088615753291e-01
3.972868204181590479e-01
3.977118229693479279e-01
3.981361440017687214e-01
3.985598105453380668e-01
3.989828491797944854e-01
3.994052860411840267e-01
3.998271468282966201e-01
4.002484568090514117e-01
4.006692408268346384e-01
4.010895233067790500e-01
4.015093282619945358e-01
4.019286792997405766e-01
4.023475996275435729e-01
4.027661120592568866e-01
4.031842390210632066e-01
4.036020025574175718e-01
4.040194243369317206e-01
4.044365256581976542e-01
4.048533274555508044e-01
4.052698503047719725e-01
4.056861144287277621e-01
4.061021397029492275e-01
4.065179456611475173e-01
4.069335515006671788e-01
4.073489760878775678e-01
4.077642379634995873e-01
4.081793553478713643e-01
4.085943461461486459e-01
4.090092279534442432e-01
4.094240180599018619e-01
4.098387334557098693e-01
4.102533908360487258e-01
4.106680066059774092e-01
4.110825968852581669e-01
4.114971775131151532e-01
4.119117640529348923e-01
4.123263717969015141e-01
4.127410157705724836e-01
4.131557107373897697e-01
4.135704712031340602e-01
4.139853114203141948e-01
4.144002453924982010e-01
4.148152868785839886e-01
4.152304493970093158e-01
4.156457462299043559e-01
4.160611904271829808e-01
4.164767948105779216e-01
4.168925719776159222e-01
4.173085343055374374e-01
4.177246939551583216e-01
4.181410628746735636e-01
4.185576528034080090e-01
4.189744752755096280e-01
4.193915416235876603e-01
4.198088629822971374e-01
4.202264502918700573e-01
4.206443143015917152e-01
4.210624655732234656e-01
4.214809144843778554e-01
4.218996712318361375e-01
4.223187458348178769e-01
4.227381481382005979e-01
4.231578878156865842e-01
4.235779743729232161e-01
4.239984171505721267e-01
4.244192253273318949e-01
4.248404079229102792e-01
4.252619738009538741e-01
4.256839316719256416e-01
4.261062900959407540e-01
4.265290574855541417e-01
4.269522421085058528e-01
4.273758520904190616e-01
4.277998954174559443e-01
4.282243799389311989e-01
4.286493133698804914e-01
4.290747032935889327e-01
4.295005571640775899e-01
4.299268823085478086e-01
4.303536859297860118e-01
4.307809751085294736e-01
4.312087568057901277e-01
4.316370378651436246e-01
4.320658250149748136e-01
4.324951248706906393e-01
4.329249439368919594e-01
4.333552886095118906e-01
4.337861651779134631e-01
4.342175798269578002e-01
4.346495386390309412e-01
4.350820475960401890e-01
4.355151125813743751e-01
4.359487393818308187e-01
4.363829336895095889e-01
4.368177011036743496e-01
4.372530471325813406e-01
4.376889771952764963e-01
4.381254966233616432e-01
4.385626106627289467e-01
4.390003244752664346e-01
4.394386431405322146e-01
4.398775716574002126e-01
4.403171149456759359e-01
4.407572778476847586e-01
4.411980651298311185e-01
4.416394814841316796e-01
4.420815315297178527e-01
4.425242198143155559e-01
4.429675508156946662e-01
4.434115289430966000e-01
4.438561585386309738e-01
4.443014438786527798e-01
4.447473891751098640e-01
4.451939985768693653e-01
4.456412761710173975e-01
4.460892259841373608e-01
4.465378519835631055e-01
4.469871580786101140e-01
4.474371481217837565e-01
4.478878259099661197e-01
4.483391951855784097e-01
4.487912596377249819e-01
4.492440229033151100e-01
4.496974885681619405e-01
4.501516601680636276e-01
4.506065411898638740e-01
4.510621350724890455e-01
4.515184452079725186e-01
4.519754749424526041e-01
4.524332275771553724e-01
4.528917063693601031e-01
4.533509145333424750e-01
4.538108552413018248e-01
4.542715316242721402e-01
4.547329467730130692e-01
4.551951037388844434e-01
4.556580055347052016e-01
4.561216551355944393e-01
4.565860554797959159e-01
4.570512094694875738e-01
4.575171199715750703e-01
4.579837898184683787e-01
4.584512218088448443e-01
4.589194187083970866e-01
4.593883832505639142e-01
4.598581181372498605e-01
4.603286260395278995e-01
4.607999095983298932e-01
4.612719714251213299e-01
4.617448141025645159e-01
4.622184401851677227e-01
4.626928521999186250e-01
4.631680526469099668e-01
4.636440439999478524e-01
4.641208287071493799e-01
4.645984091915285052e-01
4.650767878515681963e-01
4.655559670617829826e-01
4.660359491732675163e-01
4.665167365142354194e-01
4.669983313905448630e-01
4.674807360862150984e-01
4.679639528639322199e-01
4.684479839655404376e-01
4.689328316125283003e-01
4.694184980065000401e-01
4.699049853296389245e-01
4.703922957451608378e-01
4.708804313977560385e-01
4.713693944140229242e-01
4.718591869028918029e-01
4.723498109560396729e-01
4.728412686482947325e-01
4.733335620380323405e-01
4.738266931675634286e-01
4.743206640635114213e-01
4.748154767371829399e-01
4.753111331849296239e-01
4.758076353884992948e-01
4.763049853153832336e-01
4.768031849191518012e-01
4.773022361397830093e-01
4.778021409039845402e-01
4.783029011255071627e-01
4.788045187054501550e-01
4.793069955325608422e-01
4.798103334835255862e-01
4.803145344232539471e-01
4.808196002051557949e-01
4.813255326714128146e-01
4.818323336532410739e-01
4.823400049711478732e-01
4.828485484351829338e-01
4.833579658451818695e-01
4.838682589910046628e-01
4.843794296527653143e-01
4.848914796010589945e-01
4.854044105971809797e-01
4.859182243933393153e-01
4.864329227328630378e-01
4.869485073504037365e-01
4.874649799721325061e-01
4.879823423159307949e-01
4.885005960915731471e-01
4.890197430009117774e-01
4.895397847380472123e-01
4.900607229895000416e-01
4.905825594343756202e-01
4.911052957445216638e-01
4.916289335846847908e-01
4.921534746126603466e-01
4.926789204794362331e-01
4.932052728293340182e-01
4.937325333001451599e-01
4.942607035232609580e-01
4.947897851238024503e-01
4.953197797207388176e-01
4.958506889270089535e-01
4.963825143496340964e-01
4.969152575898278523e-01
4.974489202431022217e-01
4.979835038993688512e-01
4.985190101430384546e-01
4.990554405531121840e-01
4.995927967032740558e-01
5.001310801619764934e-01
5.006702924925225950e-01
5.012104352531459028e-01
5.017515099970857317e-01
5.022935182726583347e-01
5.028364616233262918e-01
5.033803415877636800e-01
5.039251596999164695e-01
5.044709174890621428e-01
5.050176164798648726e-01
5.055652581924262590e-01
5.061138441423355117e-01
5.066633758407139698e-01
5.072138547942589559e-01
5.077652825052814123e-01
5.083176604717449809e-01
5.088709901872985331e-01
5.094252731413054791e-01
5.099805108188746328e-01
5.105367047008836368e-01
5.110938562640020555e-01
5.116519669807101378e-01
5.122110383193171357e-01
5.127710717439752930e-01
5.133320687146919470e-01
5.138940306873376329e-01
5.144569591136539666e-01
5.150208554412581963e-01
5.155857211136443130e-01
5.161515575701826064e-01
5.167183662461161120e-01
5.172861485725569475e-01
5.178549059764770979e-01
5.184246398806989786e-01
5.189953517038834452e-01
5.195670428605145830e-01
5.201397147608851634e-01
5.207133688110746617e-01
5.212880064129307156e-01
5.218636289640459225e-01
5.224402378577306383e-01
5.230178344829889969e-01
5.235964202244861587e-01
5.241759964625204438e-01
5.247565645729866946e-01
5.253381259273435244e-01
5.259206818925749038e-01
5.265042338311518577e-01
5.270887831009902769e-01
5.276743310554086186e-01
5.282608790430839418e-01
5.288484284080039455e-01
5.294369804894190068e-01
5.300265366217919993e-01
5.306170981347456683e-01
5.312086663530101172e-01
5.318012425963662970e-01
5.323948281795886084e-01
5.329894244123853930e-01
5.335850325993398702e-01
5.341816540398460766e-01
5.347792900280458062e-01
5.353779418527612188e-01
5.359776107974298931e-01
5.365782981400337714e-01
5.371800051530284392e-01
5.377827331032727365e-01
5.383864832519528187e-01
5.389912568545072169e-01
5.395970551605505650e-01
5.402038794137939970e-01
5.408117308519656552e-01
5.414206107067286444e-01
5.420305202035968772e-01
5.426414605618528064e-01
5.432534329944583851e-01
5.438664387079684692e-01
5.444804789024417779e-01
5.450955547713492999e-01
5.457116675014830331e-01
5.463288182728610609e-01
5.469470082586329607e-01
5.475662386249832148e-01
5.481865105310321784e-01
5.488078251287384912e-01
5.494301835627949382e-01
5.500535869705291958e-01
5.506780364817970286e-01
5.513035332188793713e-01
5.519300782963737495e-01
5.525576728210862543e-01
5.531863178919236290e-01
5.538160145997801376e-01
5.544467640274255427e-01
5.550785672493919742e-01
5.557114253318584662e-01
5.563453393325334950e-01
5.569803103005377398e-01
5.576163392762841786e-01
5.582534272913565188e-01
5.588915753683887377e-01
5.595307845209394060e-01
5.601710557533681190e-01
5.608123900607071555e-01
5.614547884285359114e-01
5.620982518328500044e-01
5.627427812399307117e-01
5.633883776062135196e-01
5.640350418781545638e-01
5.646827749920950712e-01
5.653315778741254682e-01
5.659814514399481578e-01
5.666323965947385188e-01
5.672844142330024653e-01
5.679375052384380007e-01
5.685916704837888913e-01
5.692469108307015579e-01
5.699032271295781937e-01
5.705606202194301035e-01
5.712190909277281570e-01
5.718786400702531303e-01
5.725392684509428287e-01
5.732009768617395418e-01
5.738637660824361664e-01
5.745276368805189993e-01
5.751925900110113066e-01
5.758586262163131186e-01
5.765257462260422461e-01
5.771939507568721872e-01
5.778632405123679261e-01
5.785336161828233958e-01
5.792050784450928358e-01
5.798776279624251462e-01
5.805512653842935800e-01
5.812259913462261007e-01
5.819018064696334092e-01
5.825787113616349711e-01
5.832567066148843793e-01
5.839357928073920512e-01
5.846159705023498132e-01
5.852972402479481584e-01
5.859796025771982775e-01
5.866630580077476509e-01
5.873476070416974171e-01
5.880332501654158550e-01
5.887199878493521998e-01
5.894078205478480159e-01
5.900967486989464605e-01
5.907867727242022138e-01
5.914778930284871894e-01
5.921701099997954687e-01
5.928634240090487895e-01
5.935578354098967058e-01
5.942533445385191904e-01
5.949499517134239079e-01
5.956476572352455978e-01
5.963464613865395725e-01
5.970463644315784357e-01
5.977473666161433608e-01
5.984494681673158123e-01
5.991526692932664933e-01
5.998569701830429590e-01
6.005623710063572318e-01
6.012688719133690851e-01
6.019764730344703274e-01
6.026851744800637567e-01
6.033949763403452238e-01
6.041058786850804774e-01
6.048178815633823424e-01
6.055309850034836794e-01
6.062451890125125642e-01
6.069604935762616948e-01
6.076768986589600186e-01
6.083944042030375865e-01
6.091130101288957377e-01
6.098327163346682900e-01
6.105535226959856177e-01
6.112754290657362866e-01
6.119984352738251365e-01
6.127225411269314748e-01
6.134477464082657150e-01
6.141740508773219087e-01
6.149014542696318308e-01
6.156299562965136252e-01
6.163595566448226704e-01
6.170902549766970058e-01
6.178220509293038676e-01
6.185549441145818950e-01
6.192889341189841135e-01
6.200240205032172547e-01
6.207602028019794105e-01
6.214974805236981314e-01
6.222358531502613088e-01
6.229753201367543847e-01
6.237158809111879032e-01
6.244575348742275045e-01
6.252002813989224750e-01
6.259441198304279697e-01
6.266890494857324523e-01
6.274350696533755878e-01
6.281821795931704644e-01
6.289303785359213750e-01
6.296796656831393779e-01
6.304300402067555265e-01
6.311815012488352084e-01
6.319340479212882666e-01
6.326876793055752346e-01
6.334423944524183447e-01
6.341981923815019906e-01
6.349550720811784066e-01
6.357130325081683520e-01
6.364720725872592411e-01
6.372321912110036068e-01
6.379933872394139005e-01
6.387556594996566250e-01
6.395190067857421390e-01
6.402834278582166805e-01
6.410489214438486183e-01
6.418154862353152579e-01
6.425831208908858727e-01
6.433518240341037364e-01
6.441215942534680439e-01
6.448924301021093930e-01
6.456643300974688193e-01
6.464372927209697250e-01
6.472113164176918065e-01
6.479863995960424283e-01
6.487625406274225570e-01
6.495397378458965809e-01
6.503179895478550243e-01
6.510972939916785940e-01
6.518776493973983399e-01
6.526590539463559271e-01
6.534415057808597993e-01
6.542250030038410102e-01
6.550095436785070557e-01
6.557951258279923756e-01
6.565817474350089666e-01
6.573694064414929983e-01
6.581581007482528722e-01
6.589478282146112864e-01
6.597385866580472991e-01
6.605303738538379488e-01
6.613231875346962108e-01
6.621170253904070657e-01
6.629118850674624586e-01
6.637077641686944807e-01
6.645046602529063318e-01
6.653025708345016165e-01
6.661014933831110874e-01
6.669014253232198319e-01
6.677023640337887977e-01
6.685043068478792039e-01
6.693072510522716234e-01
6.701111938870847329e-01
6.709161325453911751e-01
6.717220641728345321e-01
6.725289858672409693e-01
6.733368946782303244e-01
6.741457876068291943e-01
6.749556616050750302e-01
6.757665135756250052e-01
6.765783403713608868e-01
6.773911387949912433e-01
6.782049055986529851e-01
6.790196374835135718e-01
6.798353310993654475e-01
6.806519830442270269e-01
6.814695898639350213e-01
6.822881480517388741e-01
6.831076540478937531e-01
6.839281042392505450e-01
6.847494949588451840e-01
6.855718224854857601e-01
6.863950830433406258e-01
6.872192728015218410e-01
6.880443878736683949e-01
6.888704243175298725e-01
6.896973781345462351e-01
6.905252452694273790e-01
6.913540216097322499e-01
6.921837029854449597e-01
6.930142851685495708e-01
6.938457638726079901e-01
6.946781347523300898e-01
6.955113934031470491e-01
6.963455353607843623e-01
6.971805561008279639e-01
6.980164510382966814e-01
6.988532155272102475e-01
6.996908448601534269e-01
7.005293342678459156e-01
7.013686789187046910e-01
7.022088739184104700e-01
7.030499143094691705e-01
7.038917950707779259e-01
7.047345111171836596e-01
7.055780572990471011e-01
7.064224284018016942e-01
7.072676191455149475e-01
7.081136241844476764e-01
7.089604381066133554e-01
7.098080554333355829e-01
7.106564706188073233e-01
7.115056780496491484e-01
7.123556720444644830e-01
7.132064468533999557e-01
7.140579966576996451e-01
7.149103155692628775e-01
7.157633976302020251e-01
7.166172368123977510e-01
7.174718270170552525e-01
7.183271620742631702e-01
7.191832357425481659e-01
7.200400417084332760e-01
7.208975735859949330e-01
7.217558249164194306e-01
7.226147891675632762e-01
7.234744597335097671e-01
7.243348299341276775e-01
7.251958930146311655e-01
7.260576421451413465e-01
7.269200704202448682e-01
7.277831708585567050e-01
7.286469364022826189e-01
7.295113599167822871e-01
7.303764341901334278e-01
7.312421519326991470e-01
7.321085057766920645e-01
7.329754882757435475e-01
7.338430919044742762e-01
7.347113090580615902e-01
7.355801320518159381e-01
7.364495531207514434e-01
7.373195644191620213e-01
7.381901580202009372e-01
7.390613259154563686e-01
7.399330600145358483e-01
7.408053521446469336e-01
7.416781940501845360e-01
7.425515773923166973e-01
7.434254937485760273e-01
7.442999346124504756e-01
7.451748913929806539e-01
7.460503554143548266e-01
7.469263179155108956e-01
7.478027700497387187e-01
7.486797028842883117e-01
7.495571073999754974e-01
7.504349744907987674e-01
7.513132949635511482e-01
7.521920595374423923e-01
7.530712588437213917e-01
7.539508834253011438e-01
7.548309237363903801e-01
7.557113701421274143e-01
7.565922129182200973e-01
7.574734422505848830e-01
7.583550482349984412e-01
7.592370208767432738e-01
7.601193500902687639e-01
7.610020256988491161e-01
7.618850374342487353e-01
7.627683749363932675e-01
7.636520277530457479e-01
7.645359853394866345e-01
7.654202370581999482e-01
7.663047721785645194e-01
7.671895798765543395e-01
7.680746492344374676e-01
7.689599692404893716e-01
7.698455287887062681e-01
7.707313166785280112e-01
7.716173216145666425e-01
7.725035322063384946e-01
7.733899369680105051e-01
7.742765243181464196e-01
7.751632825794612103e-01
7.760501999785880400e-01
7.769372646458448939e-01
7.778244646150149766e-01
7.787117878231334389e-01
7.795992221102785447e-01
7.804867552193766045e-01
7.813743747960102404e-01
7.822620683882396397e-01
7.831498234464274733e-01
7.840376273230762472e-01
7.849254672726753146e-01
7.858133304515548812e-01
