0.000000000000000000e+00
7.955237487881878329e-05
8.050686441138631957e-05
8.147319918030680752e-05
8.245153098843875216e-05
8.344201364308285725e-05
8.444480298456800483e-05
8.546005691292318438e-05
8.648793541643213893e-05
8.752860059975241952e-05
8.858221671304854802e-05
8.964895018084958946e-05
9.072896963188924180e-05
9.182244592886757860e-05
9.292955219894451972e-05
9.405046386504821551e-05
9.518535867635388075e-05
9.633441674091414652e-05
9.749782055692250422e-05
9.867575504596790036e-05
9.986840758596500587e-05
1.010759680447180796e-04
1.022986288134890466e-04
1.035365848423579525e-04
1.047900336740777182e-04
1.060591754808881709e-04
1.073442130987290594e-04
1.086453520657142292e-04
1.099628006574199907e-04
1.112967699250921324e-04
1.126474737337591783e-04
1.140151288003657165e-04
1.153999547331747993e-04
1.168021740714320300e-04
1.182220123253616183e-04
1.196596980167564971e-04
1.211154627210532276e-04
1.225895411079866123e-04
1.240821709854177687e-04
1.255935933417912423e-04
1.271240523893668226e-04
1.286737956097792500e-04
1.302430737975256462e-04
1.318321411067790874e-04
1.334412550965463292e-04
1.350706767784966267e-04
1.367206706636377492e-04
1.383915048115908820e-04
1.400834508777811492e-04
1.417967841645211816e-04
1.435317836706617755e-04
1.452887321425753618e-04
1.470679161257884776e-04
1.488696260177048382e-04
1.506941561202730586e-04
1.525418046941041722e-04
1.544128740135274980e-04
1.563076704211309974e-04
1.582265043848665005e-04
1.601696905547179452e-04
1.621375478201964016e-04
1.641303993695578123e-04
1.661485727488034854e-04
1.681923999220306097e-04
1.702622173330654886e-04
1.723583659667133467e-04
1.744811914124170431e-04
1.766310439273130776e-04
1.788082785014762479e-04
1.810132549233257177e-04
1.832463378460486632e-04
1.855078968552706430e-04
1.877983065373370786e-04
1.901179465487809071e-04
1.924672016865807518e-04
1.948464619599013601e-04
1.972561226618550214e-04
1.996965844435063338e-04
2.021682533881003169e-04
2.046715410865233441e-04
2.072068647139870001e-04
2.097746471073787776e-04
2.123753168446919750e-04
2.150093083243060288e-04
2.176770618461576132e-04
2.203790236941889299e-04
2.231156462191352988e-04
2.258873879237407382e-04
2.286947135479326708e-04
2.315380941561221264e-04
2.344180072247633673e-04
2.373349367327896582e-04
2.402893732512436363e-04
2.432818140362288635e-04
2.463127631214213019e-04
2.493827314130832350e-04
2.524922367858645103e-04
2.556418041804260546e-04
2.588319657018341483e-04
2.620632607198129685e-04
2.653362359702119799e-04
2.686514456581272771e-04
2.720094515623016338e-04
2.754108231408690724e-04
2.788561376391182709e-04
2.823459801983011961e-04
2.858809439663548648e-04
2.894616302093055570e-04
2.930886484260703754e-04
2.967626164629678064e-04
3.004841606307902496e-04
3.042539158235366245e-04
3.080725256391624056e-04
3.119406425004694655e-04
3.158589277801808308e-04
3.198280519255263530e-04
3.238486945859154835e-04
3.279215447423009704e-04
3.320473008375156797e-04
3.362266709099481104e-04
3.404603727272482658e-04
3.447491339241193957e-04
3.490936921398841162e-04
3.534947951598485429e-04
3.579532010572687001e-04
3.624696783385345693e-04
3.670450060893110556e-04
3.716799741234868746e-04
3.763753831343187323e-04
3.811320448470582596e-04
3.859507821744688331e-04
3.908324293742161150e-04
3.957778322079761311e-04
4.007878481046086737e-04
4.058633463229506370e-04
4.110052081195516888e-04
4.162143269170372065e-04
4.214916084760240360e-04
4.268379710679124478e-04
4.322543456524753093e-04
4.377416760558907488e-04
4.433009191519245900e-04
4.489330450470532113e-04
4.546390372650132411e-04
4.604198929382844548e-04
4.662766229983207437e-04
4.722102523710709071e-04
4.782218201741630426e-04
4.843123799171289326e-04
4.904829997042511143e-04
4.967347624414064286e-04
5.030687660437002228e-04
5.094861236488107750e-04
5.159879638305602629e-04
5.225754308172940064e-04
5.292496847141902683e-04
5.360119017252518419e-04
5.428632743824239907e-04
5.498050117762524978e-04
5.568383397880157957e-04
5.639645013295124321e-04
5.711847565817158683e-04
5.785003832396475032e-04
5.859126767600723092e-04
5.934229506120255364e-04
6.010325365317217622e-04
6.087427847807423513e-04
6.165550644081969510e-04
6.244707635154131279e-04
6.324912895269076563e-04
6.406180694619530332e-04
6.488525502125453391e-04
6.571961988244522102e-04
6.656505027821622020e-04
6.742169702973836156e-04
6.828971306032010150e-04
6.916925342503574313e-04
7.006047534097601054e-04
7.096353821771687279e-04
7.187860368846171180e-04
7.280583564134690110e-04
7.374540025148245206e-04
7.469746601321277475e-04
7.566220377292888575e-04
7.663978676236206681e-04
7.763039063231483641e-04
7.863419348687600676e-04
7.965137591813894070e-04
8.068212104132736024e-04
8.172661453058577101e-04
8.278504465506255619e-04
8.385760231572851739e-04
8.494448108242848641e-04
8.604587723180063489e-04
8.716198978544214713e-04
8.829302054876657065e-04
8.943917415030491974e-04
9.060065808172436917e-04
9.177768273817043035e-04
9.297046145940321893e-04
9.417921057138570456e-04
9.540414942851127133e-04
9.664550045631079911e-04
9.790348919495859593e-04
9.917834434321369172e-04
1.004702978030400920e-03
1.017795847248617993e-03
1.031064435534521147e-03
1.044511160744105230e-03
1.058138474613304087e-03
1.071948863237091269e-03
1.085944847553200077e-03
1.100128983834636935e-03
1.114503864188030359e-03
1.129072117058491000e-03
1.143836407743447801e-03
1.158799438910796667e-03
1.173963951126644764e-03
1.189332723389550928e-03
1.204908573671498954e-03
1.220694359467039500e-03
1.236692978350974409e-03
1.252907368541459655e-03
1.269340509472737964e-03
1.285995422375229907e-03
1.302875170863808775e-03
1.319982861533664864e-03
1.337321644565105973e-03
1.354894714335709224e-03
1.372705310042138553e-03
1.390756716329543579e-03
1.409052263929735970e-03
1.427595330308691025e-03
1.446389340322308927e-03
1.465437766881178992e-03
1.484744131624714898e-03
1.504312005605000242e-03
1.524145009977757956e-03
1.544246816706181403e-03
1.564621149271173961e-03
1.585271783393260277e-03
1.606202547763265235e-03
1.627417324782706298e-03
1.648920051316152833e-03
1.670714719450761129e-03
1.692805377268780153e-03
1.715196129628822211e-03
1.737891138957893458e-03
1.760894626055119466e-03
1.784210870904740518e-03
1.807844213501591697e-03
1.831799054686212864e-03
1.856079856991790528e-03
1.880691145502516592e-03
1.905637508723550004e-03
1.930923599462073918e-03
1.956554135719653503e-03
1.982533901598198308e-03
2.008867748215853542e-03
2.035560594636331988e-03
2.062617428810291625e-03
2.090043308528484640e-03
2.117843362388588217e-03
2.146022790773488391e-03
2.174586866843183659e-03
2.203540937540046391e-03
2.232890424605958862e-03
2.262640825613554309e-03
2.292797715010942011e-03
2.323366745180017404e-03
2.354353647508064529e-03
2.385764233473092275e-03
2.417604395744542452e-03
2.449880109295926242e-03
2.482597432534294855e-03
2.515762508442137731e-03
2.549381565734600095e-03
2.583460920032838639e-03
2.618006975049022838e-03
2.653026223790306334e-03
2.688525249775226746e-03
2.724510728266947915e-03
2.760989427520879093e-03
2.797968210049579362e-03
2.835454033902152626e-03
2.873453953960282501e-03
2.911975123250345934e-03
2.951024794271895658e-03
2.990610320342585240e-03
3.030739156959399647e-03
3.071418863177715307e-03
3.112657103005921945e-03
3.154461646819161930e-03
3.196840372787140405e-03
3.239801268323097300e-03
3.283352431547407850e-03
3.327502072770996671e-03
3.372258515995442494e-03
3.417630200431051157e-03
3.463625682033988872e-03
3.510253635061693842e-03
3.557522853645756974e-03
3.605442253384388927e-03
3.654020872953627364e-03
3.703267875737451843e-03
3.753192551477282923e-03
3.803804317939292554e-03
3.855112722603411517e-03
3.907127444370327683e-03
3.959858295288413640e-03
4.013315222301121026e-03
4.067508309013668881e-03
4.122447777480185704e-03
4.178143990010840282e-03
4.234607450999967881e-03
4.291848808774381685e-03
4.349878857461936255e-03
4.408708538880814869e-03
4.468348944452164503e-03
4.528811317129070174e-03
4.590107053351331554e-03
4.652247705018846234e-03
4.715244981487108980e-03
4.779110751584440993e-03
4.843857045650293465e-03
4.909496057595962894e-03
4.976040146986227160e-03
5.043501841143834853e-03
5.111893837275228482e-03
5.181229004618613521e-03
5.251520386614807849e-03
5.322781203099089149e-03
5.395024852516487959e-03
5.468264914158578287e-03
5.542515150424184855e-03
5.617789509100884482e-03
5.694102125669607030e-03
5.771467325632748807e-03
5.849899626863828625e-03
5.929413741980782936e-03
6.010024580741030881e-03
6.091747252459809789e-03
6.174597068451919031e-03
6.258589544494624034e-03
6.343740403315211579e-03
6.430065577099759039e-03
6.517581210025575646e-03
6.606303660816396396e-03
6.696249505320208024e-03
6.787435539108506617e-03
6.879878780101075612e-03
6.973596471209778103e-03
7.068606083008082026e-03
7.164925316421083719e-03
7.262572105438378639e-03
7.361564619849367275e-03
7.461921268000672701e-03
7.563660699575890968e-03
7.666801808396479095e-03
7.771363735245288146e-03
7.877365870711375284e-03
7.984827858056103497e-03
8.093769596101566335e-03
8.204211242138156196e-03
8.316173214855849746e-03
8.429676197293338447e-03
8.544741139809934258e-03
8.661389263076571185e-03
8.779642061087286967e-03
8.899521304190010501e-03
9.021049042137463392e-03
9.144247607157261412e-03
9.269139617039397899e-03
9.395747978245426804e-03
9.524095889031844453e-03
9.654206842595066881e-03
9.786104630231304974e-03
9.919813344515016756e-03
1.005535738249309190e-02
1.019276144889602956e-02
1.033205055936481549e-02
1.047325004369275073e-02
1.061638554908180335e-02
1.076148304341556505e-02
1.090856881854214769e-02
1.105766949357514864e-02
1.120881201820276250e-02
1.136202367601196576e-02
1.151733208782428075e-02
1.167476521504025658e-02
1.183435136299630999e-02
1.199611918433052780e-02
1.216009768235717936e-02
1.232631621444998070e-02
1.249480449543149962e-02
1.266559260097136451e-02
1.283871097098816805e-02
1.301419041305833593e-02
1.319206210582724373e-02
1.337235760242633069e-02
1.355510883388982846e-02
1.374034811257465391e-02
1.392810813558185111e-02
1.411842198817451002e-02
1.431132314719761947e-02
1.450684548449402735e-02
1.470502327031626699e-02
1.490589117673543802e-02
1.510948428104288976e-02
1.531583806914604828e-02
1.552498843895584388e-02
1.573697170376449697e-02
1.595182459561371793e-02
1.616958426865014453e-02
1.639028830246835183e-02
1.661397470543945695e-02
1.684068191802262637e-02
1.707044881606127953e-02
1.730331471405911065e-02
1.753931936843637976e-02
1.777850298076422836e-02
1.802090620097642273e-02
1.826657013055529855e-02
1.851553632569133412e-02
1.876784680041481551e-02
1.902354402969712657e-02
1.928267095252094235e-02
1.954527097491580087e-02
1.981138797295953213e-02
2.008106629574082924e-02
2.035435076828421078e-02
2.063128669443317631e-02
2.091191985968915423e-02
2.119629653400607883e-02
2.148446347453784877e-02
2.177646792833495479e-02
2.207235763499038397e-02
2.237218082923005807e-02
2.267598624344792368e-02
2.298382311018217633e-02
2.329574116452878471e-02
2.361179064649259612e-02
2.393202230327157523e-02
2.425648739147150817e-02
2.458523767924969058e-02
2.491832544838426880e-02
2.525580349626499466e-02
2.559772513780529668e-02
2.594414420727011311e-02
2.629511506001860205e-02
2.665069257415716639e-02
2.701093215209911941e-02
2.737588972203007162e-02
2.774562173927368550e-02
2.812018518755458538e-02
2.849963758015650744e-02
2.888403696096923656e-02
2.927344190542367081e-02
2.966791152130925091e-02
3.006750544947043441e-02
3.047228386437852987e-02
3.088230747457482855e-02
3.129763752297907986e-02
3.171833578706222817e-02
3.214446457887648601e-02
3.257608674493809447e-02
3.301326566596050199e-02
3.345606525642942641e-02
3.390454996401967569e-02
3.435878476884200033e-02
3.481883518252281567e-02
3.528476724710463697e-02
3.575664753376443100e-02
3.623454314134361837e-02
3.671852169468702021e-02
3.720865134277664271e-02
3.770500075666443490e-02
3.820763912718899008e-02
3.871663616247392192e-02
3.923206208520032406e-02
3.975398762964547222e-02
4.028248403848187775e-02
4.081762305932698509e-02
4.135947694103804528e-02
4.190811842974332541e-02
4.246362076460042517e-02
4.302605767327585817e-02
4.359550336713303303e-02
4.417203253612429770e-02
4.475572034337432087e-02
4.534664241944565827e-02
4.594487485627944678e-02
4.655049420079641204e-02
4.716357744815136838e-02
4.778420203462864502e-02
4.841244583016758585e-02
4.904838713050695825e-02
4.969210464893599605e-02
5.034367750763871913e-02
5.100318522862168358e-02
5.167070772420848113e-02
5.234632528709180083e-02
5.303011857992460942e-02
5.372216862444031960e-02
5.442255679008434904e-02
5.513136478214433756e-02
5.584867462936132093e-02
5.657456867100679049e-02
5.730912954341272486e-02
5.805244016592973205e-02
5.880458372630487096e-02
5.956564366545612221e-02
6.033570366162684107e-02
6.111484761390207493e-02
6.190315962506667824e-02
6.270072398378785661e-02
6.350762514609853415e-02
6.432394771616664619e-02
6.514977642632234500e-02
6.598519611633005266e-02
6.683029171187737649e-02
6.768514820226229078e-02
6.854985061725343831e-02
6.942448400310592682e-02
7.030913339770153425e-02
7.120388380479901469e-02
7.210882016736247513e-02
7.302402733995026762e-02
7.394959006013458735e-02
7.488559291893362446e-02
7.583212033022346255e-02
7.678925649911227946e-02
7.775708538924853974e-02
7.873569068903740753e-02
7.972515577674277321e-02
8.072556368444651353e-02
8.173699706084439076e-02
8.275953813284818439e-02
8.379326866597715251e-02
8.483826992350511353e-02
8.589462262434693907e-02
8.696240689965832604e-02
8.804170224812245260e-02
8.913258748990997293e-02
9.023514071927797586e-02
9.134943925579877555e-02
9.247555959419220817e-02
9.361357735274204728e-02
9.476356722028302093e-02
9.592560290173675341e-02
9.709975706218393343e-02
9.828610126945756809e-02
9.948470593524706695e-02
1.006956402546989454e-01
1.019189721445084018e-01
1.031547681794935251e-01
1.044030935276476085e-01
1.056640118836686681e-01
1.069375854009626398e-01
1.082238746221280690e-01
1.095229384079226126e-01
1.108348338647238002e-01
1.121596162704937838e-01
1.134973389992619958e-01
1.148480534441461420e-01
1.162118089389322789e-01
1.175886526782380648e-01
1.189786296362918966e-01
1.203817824843593509e-01
1.217981515068536913e-01
1.232277745161771271e-01
1.246706867663371493e-01
1.261269208653871543e-01
1.275965066867536246e-01
1.290794712795073906e-01
1.305758387776469187e-01
1.320856303084691208e-01
1.336088639000996003e-01
1.351455543882706944e-01
1.366957133224345478e-01
1.382593488713054208e-01
1.398364657279357048e-01
1.414270650144268116e-01
1.430311441863904576e-01
1.446486969372820508e-01
1.462797131027260833e-01
1.479241785649658691e-01
1.495820751575782093e-01
1.512533805705900680e-01
1.529380682561507776e-01
1.546361073349119264e-01
1.563474625032783005e-01
1.580720939416911941e-01
1.598099572241223898e-01
1.615610032289491738e-01
1.633251780513956253e-01
1.651024229177291414e-01
1.668926741013986303e-01
1.686958628413127992e-01
1.705119152624587353e-01
1.723407522990637597e-01
1.741822896205062476e-01
1.760364375601842779e-01
1.779031010475536634e-01
1.797821795435524395e-01
1.816735669796223085e-01
1.835771517005433395e-01
1.854928164113005262e-01
1.874204381281968645e-01
1.893598881344240037e-01
1.913110319403131254e-01
1.932737292484640879e-01
1.952478339239741567e-01
1.972331939699613623e-01
1.992296515085897335e-01
2.012370427677850904e-01
2.032551980738390440e-01
2.052839418500762847e-01
2.073230926217691505e-01
2.093724630274596266e-01
2.114318598368546132e-01
2.135010839754435674e-01
2.155799305559702450e-01
2.176681889169011230e-01
2.197656426679931996e-01
2.218720697430769384e-01
2.239872424601390688e-01
2.261109275887858705e-01
2.282428864251513367e-01
2.303828748742947630e-01
2.325306435401278127e-01
2.346859378228788873e-01
2.368484980241052362e-01
2.390180594592302421e-01
2.411943525775717967e-01
2.433771030898171650e-01
2.455660321028681203e-01
2.477608562619713073e-01
2.499612879000336074e-01
2.521670351939909183e-01
2.543778023280941492e-01
2.565932896639501193e-01
2.588131939171411378e-01
2.610372083402220933e-01
2.632650229118885798e-01
2.654963245320798304e-01
2.677307972227680466e-01
2.699681223341716674e-01
2.722079787561154096e-01
2.744500431342299374e-01
2.766939900906971728e-01
2.789394924491975236e-01
2.811862214637442237e-01
2.834338470510324171e-01
2.856820380259607051e-01
2.879304623399404073e-01
2.901787873216222224e-01
2.924266799196435507e-01
2.946738069470058452e-01
2.969198353266753743e-01
2.991644323380076020e-01
3.014072658635765789e-01
3.036480046359996687e-01
3.058863184843448324e-01
3.081218785797059101e-01
3.103543576795277370e-01
3.125834303702791361e-01
3.148087733080561224e-01
3.170300654567239640e-01
3.192469883231925376e-01
3.214592261894423375e-01
3.236664663409173914e-01
3.258683992909136018e-01
3.280647190006015235e-01
3.302551230943390759e-01
3.324393130699261900e-01
3.346169945034902504e-01
3.367878772486840866e-01
3.389516756299051359e-01
3.411081086292557796e-01
3.432569000669856152e-01
3.453977787751646988e-01
3.475304787643623272e-01
3.496547393831225814e-01
3.517703054700410115e-01
3.538769274982747071e-01
3.559743617123237724e-01
3.580623702569564748e-01
3.601407212981552197e-01
3.622091891359913718e-01
3.642675543093468749e-01
3.663156036924260506e-01
3.683531305830181624e-01
3.703799347824837107e-01
3.723958226674692340e-01
3.744006072533573870e-01
3.763941082494901003e-01
3.783761521062116717e-01
3.803465720537936301e-01
3.823052081333319085e-01
3.842519072197060903e-01
3.861865230367134139e-01
3.881089161645061014e-01
3.900189540394694565e-01
3.919165109466917762e-01
3.938014680051923344e-01
3.956737131460805745e-01
3.975331410838318091e-01
3.993796532808739919e-01
4.012131579056923969e-01
4.030335697846584853e-01
4.048408103478062792e-01
4.066348075687786778e-01
4.084154958991769169e-01
4.101828161975454856e-01
4.119367156532368623e-01
4.136771477053922119e-01
4.154040719572902329e-01
4.171174540863096247e-01
4.188172657497475915e-01
4.205034844867543975e-01
4.221760936166210620e-01
4.238350821336768770e-01
4.254804445990378881e-01
4.271121810294540300e-01
4.287302967834930589e-01
4.303348024453061416e-01
4.319257137062027518e-01
4.335030512442745176e-01
4.350668406022882295e-01
4.366171120640749415e-01
4.381539005296307132e-01
4.396772453891406029e-01
4.411871903961331332e-01
4.426837835399641263e-01
4.441670769178267530e-01
4.456371266064710346e-01
4.470939925338189846e-01
4.485377383506448101e-01
4.499684313024929772e-01
4.513861421019907394e-01
4.527909448017100047e-01
4.541829166677287533e-01
4.555621380540239018e-01
4.569286922778377780e-01
4.582826654961364987e-01
4.596241465832825446e-01
4.609532270100330509e-01
4.622700007239659570e-01
4.635745640314379856e-01
4.648670154811588295e-01
4.661474557494710291e-01
4.674159875274160325e-01
4.686727154096493875e-01
4.699177457852837247e-01
4.711511867307106582e-01
4.723731479044581127e-01
4.735837404441332610e-01
4.747830768654942024e-01
4.759712709636847450e-01
4.771484377166708701e-01
4.783146931909017519e-01
4.794701544492205314e-01
4.806149394610439440e-01
4.817491670148226213e-01
4.828729566327974454e-01
4.839864284880502354e-01
4.850897033238593115e-01
4.861829023753504453e-01
4.872661472934480820e-01
4.883395600711089579e-01
4.894032629718345628e-01
4.904573784604461251e-01
4.915020291361051341e-01
4.925373376675608039e-01
4.935634267306041045e-01
4.945804189477029933e-01
4.955884368297970299e-01
4.965876027202182352e-01
4.975780387407143235e-01
4.985598667395432226e-01
4.995332082416018005e-01
5.004981844005621516e-01
5.014549159529756439e-01
5.024035231743129160e-01
5.033441258368998028e-01
5.042768431697159937e-01
5.052017938200136227e-01
5.061190958167209875e-01
5.070288665355908719e-01
5.079312226660546159e-01
5.088262801797375223e-01
5.097141543006069586e-01
5.105949594766964195e-01
5.114688093533811264e-01
5.123358167481559811e-01
5.131960936268742390e-01
5.140497510814157067e-01
5.148968993087333912e-01
5.157376475912491820e-01
5.165721042785506034e-01
5.174003767703556633e-01
5.182225715007025002e-01
5.190387939233294112e-01
5.198491484982066257e-01
5.206537386791770805e-01
5.214526669026798844e-01
5.222460345775086221e-01
5.230339420755779622e-01
5.238164887236577139e-01
5.245937727960425789e-01
5.253658915081229619e-01
5.261329410108223081e-01
5.268950163858721059e-01
5.276522116418869146e-01
5.284046197112155507e-01
5.291523324475282397e-01
5.298954406241209725e-01
5.306340339328978750e-01
5.313682009840108300e-01
5.320980293061224886e-01
5.328236053472706901e-01
5.335450144763035363e-01
5.342623409848625826e-01
5.349756680898887229e-01
5.356850779366242321e-01
5.363906516020895410e-01
5.370924690990109829e-01
5.377906093801791965e-01
5.384851503432110942e-01
5.391761688357019633e-01
5.398637406607401656e-01
5.405479405827701145e-01
5.412288423337822119e-01
5.419065186198116502e-01
5.425810411277266487e-01
5.432524805322919148e-01
5.439209065034872337e-01
5.445863877140701970e-01
5.452489918473601982e-01
5.459087856052351473e-01
5.465658347163235842e-01
5.472202039443779809e-01
5.478719570968176855e-01
5.485211570334261877e-01
5.491678656751909360e-01
5.498121440132777149e-01
5.504540521181191526e-01
5.510936491486163602e-01
5.517309933614361617e-01
5.523661421203974742e-01
5.529991519059322957e-01
5.536300783246210777e-01
5.542589761187812769e-01
5.548858991761117521e-01
5.555109005393772392e-01
5.561340324161279103e-01
5.567553461884474642e-01
5.573748924227209800e-01
5.579927208794158711e-01
5.586088805228673904e-01
5.592234195310704647e-01
5.598363853054583172e-01
5.604478244806783138e-01
5.610577829343430523e-01
5.616663057967670181e-01
5.622734374606723762e-01
5.628792215908653418e-01
5.634837011338782453e-01
5.640869183275680765e-01
5.646889147106776141e-01
5.652897311323442642e-01
5.658894077615607143e-01
5.664879840965827418e-01
5.670854989742766250e-01
5.676819905794106003e-01
5.682774964538822582e-01
5.688720535058785499e-01
5.694656980189735096e-01
5.700584656611510370e-01
5.706503914937600674e-01
5.712415099803923590e-01
5.718318549956885599e-01
5.724214598340645610e-01
5.730103572183604665e-01
5.735985793084085183e-01
5.741861577095218605e-01
5.747731234808984846e-01
5.753595071439433495e-01
5.759453386905057926e-01
5.765306475910303430e-01
5.771154628026246014e-01
5.776998127770366365e-01
5.782837254685485595e-01
5.788672283417809483e-01
5.794503483794080090e-01
5.800331120897866954e-01
5.806155455144954569e-01
5.811976742357849446e-01
5.817795233839387903e-01
5.823611176445462334e-01
5.829424812656853749e-01
5.835236380650173915e-01
5.841046114367913766e-01
5.846854243587613631e-01
5.852660993990130844e-01
5.858466587227056932e-01
5.864271240987203315e-01
5.870075169062263232e-01
5.875878581411561052e-01
5.881681684225965601e-01
5.887484679990891978e-01
5.893287767548497369e-01
5.899091142158982004e-01
5.904894995561054127e-01
5.910699516031545642e-01
5.916504888444207300e-01
5.922311294327627929e-01
5.928118911922385381e-01
5.933927916237322631e-01
5.939738479105047819e-01
5.945550769236608302e-01
5.951364952275366438e-01
5.957181190850086017e-01
5.962999644627241524e-01
5.968820470362519170e-01
5.974643821951586276e-01
5.980469850480066851e-01
5.986298704272766669e-01
5.992130528942167800e-01
5.997965467436155995e-01
6.003803660085035299e-01
6.009645244647806583e-01
6.015490356357731105e-01
6.021339127967189064e-01
6.027191689791837614e-01
6.033048169754052781e-01
6.038908693425729668e-01
6.044773384070359912e-01
6.050642362684476305e-01
6.056515748038410196e-01
6.062393656716401624e-01
6.068276203156081072e-01
6.074163499687292855e-01
6.080055656570292344e-01
6.085952782033337005e-01
6.091854982309651279e-01
6.097762361673785270e-01
6.103675022477369483e-01
6.109593065184315552e-01
6.115516588405383036e-01
6.121445688932207752e-01
6.127380461770756126e-01
6.133321000174206672e-01
6.139267395675307437e-01
6.145219738118152808e-01
6.151178115689462933e-01
6.157142614949308035e-01
6.163113320861315358e-01
6.169090316822373188e-01
6.175073684691811948e-01
6.181063504820101251e-01
6.187059856077041786e-01
6.193062815879480931e-01
6.199072460218543190e-01
6.205088863686381018e-01
6.211112099502501538e-01
6.217142239539570348e-01
6.223179354348812309e-01
6.229223513184966032e-01
6.235274784030766515e-01
6.241333233621036980e-01
6.247398927466322194e-01
6.253471929876128765e-01
6.259552303981734678e-01
6.265640111758600250e-01
6.271735414048382751e-01
6.277838270580553548e-01
6.283948739993615584e-01
6.290066879855956694e-01
6.296192746686326558e-01
6.302326395973931739e-01
6.308467882198163235e-01
6.314617258847975423e-01
6.320774578440915281e-01
6.326939892541794119e-01
6.333113251781016251e-01
6.339294705872571267e-01
6.345484303631703238e-01
6.351682092992250173e-01
6.357888121023638206e-01
6.364102433947603776e-01
6.370325077154576077e-01
6.376556095219731990e-01
6.382795531918806775e-01
6.389043430243563915e-01
6.395299832416970753e-01
6.401564779908123226e-01
6.407838313446850842e-01
6.414120473038061876e-01
6.420411297975796572e-01
6.426710826857056080e-01
6.433019097595306102e-01
6.439336147433756263e-01
6.445662012958383036e-01
6.451996730110687306e-01
6.458340334200202149e-01
6.464692859916780776e-01
6.471054341342611371e-01
6.477424811964009876e-01
6.483804304682994069e-01
6.490192851828611165e-01
6.496590485168043383e-01
6.502997235917484797e-01
6.509413134752839447e-01
6.515838211820148551e-01
6.522272496745842307e-01
6.528716018646790742e-01
6.535168806140121411e-01
6.541630887352863910e-01
6.548102289931383435e-01
6.554583041050624503e-01
6.561073167423169261e-01
6.567572695308095954e-01
6.574081650519670861e-01
6.580600058435835953e-01
6.587127944006553326e-01
6.593665331761929815e-01
6.600212245820209489e-01
6.606768709895582958e-01
6.613334747305812389e-01
6.619910380979722175e-01
6.626495633464513091e-01
6.633090526932914344e-01
6.639695083190203517e-01
6.646309323681035552e-01
6.652933269496155155e-01
6.659566941378952665e-01
6.666210359731860047e-01
6.672863544622622545e-01
6.679526515790427110e-01
6.686199292651874293e-01
6.692881894306849100e-01
6.699574339544220880e-01
6.706276646847435519e-01
6.712988834399981064e-01
6.719710920090705697e-01
6.726442921519039109e-01
6.733184856000057339e-01
6.739936740569461016e-01
6.746698591988429250e-01
6.753470426748319211e-01
6.760252261075315738e-01
6.767044110934916645e-01
6.773845992036321428e-01
6.780657919836723391e-01
6.787479909545491852e-01
6.794311976128238895e-01
6.801154134310783972e-01
6.808006398583036356e-01
6.814868783202749913e-01
6.821741302199210155e-01
6.828623969376795833e-01
6.835516798318467258e-01
6.842419802389146932e-01
6.849332994739032454e-01
6.856256388306787297e-01
6.863189995822669420e-01
6.870133829811562176e-01
6.877087902595909741e-01
6.884052226298607025e-01
6.891026812845753025e-01
6.898011673969371982e-01
6.905006821210022405e-01
6.912012265919346143e-01
6.919028019262533080e-01
6.926054092220718106e-01
6.933090495593280389e-01
6.940137240000111563e-01
6.947194335883771776e-01
6.954261793511596901e-01
6.961339622977728014e-01
6.968427834205086491e-01
6.975526436947259157e-01
6.982635440790345704e-01
6.989754855154707291e-01
6.996884689296695159e-01
7.004024952310263785e-01
7.011175653128595142e-01
7.018336800525565300e-01
7.025508403117249889e-01
7.032690469363311880e-01
7.039883007568336071e-01
7.047086025883151361e-01
7.054299532306033127e-01
7.061523534683897818e-01
7.068758040713428725e-01
7.076003057942159558e-01
7.083258593769482525e-01
7.090524655447629776e-01
7.097801250082592661e-01
7.105088384635009913e-01
7.112386065920962563e-01
7.119694300612789961e-01
7.127013095239791429e-01
7.134342456188927928e-01
7.141682389705461542e-01
7.149032901893543901e-01
7.156393998716786831e-01
7.163765685998746413e-01
7.171147969423423696e-01
7.178540854535675475e-01
7.185944346741588440e-01
7.193358451308851098e-01
7.200783173367056866e-01
7.208218517907949430e-01
7.215664489785674762e-01
7.223121093716986518e-01
7.230588334281367047e-01
7.238066215921186153e-01
7.245554742941749948e-01
7.253053919511388559e-01
7.260563749661441690e-01
7.268084237286265292e-01
7.275615386143154950e-01
7.283157199852278163e-01
7.290709681896559990e-01
7.298272835621530952e-01
7.305846664235148280e-01
7.313431170807588311e-01
7.321026358271001122e-01
7.328632229419246302e-01
7.336248786907600961e-01
7.343876033252417779e-01
7.351513970830781952e-01
7.359162601880122612e-01
7.366821928497809813e-01
7.374491952640696013e-01
7.382172676124683086e-01
7.389864100624211618e-01
7.397566227671745764e-01
7.405279058657230351e-01
7.413002594827551306e-01
7.420736837285899501e-01
7.428481786991198987e-01
7.436237444757441972e-01
7.444003811253039338e-01
7.451780887000125642e-01
7.459568672373865228e-01
7.467367167601713929e-01
7.475176372762659671e-01
7.482996287786468637e-01
7.490826912452860364e-01
7.498668246390730596e-01
7.506520289077283081e-01
7.514383039837175815e-01
7.522256497841653955e-01
7.530140662107658311e-01
7.538035531496880548e-01
7.545941104714856129e-01
7.553857380309996206e-01
7.561784356672606178e-01
7.569722032033909809e-01
7.577670404465028930e-01
7.585629471875950935e-01
7.593599232014487388e-01
7.601579682465219312e-01
7.609570820648386968e-01
7.617572643818830702e-01
7.625585149064835200e-01
7.633608333307044802e-01
7.641642193297261132e-01
7.649686725617332872e-01
7.657741926677933408e-01
7.665807792717383995e-01
7.673884319800451381e-01
7.681971503817099922e-01
7.690069340481265892e-01
7.698177825329601820e-01
7.706296953720188636e-01
7.714426720831281115e-01
7.722567121659971168e-01
7.730718151020898876e-01
7.738879803544931324e-01
7.747052073677778150e-01
7.755234955678697029e-01
7.763428443619080355e-01
7.771632531381091891e-01
7.779847212656257893e-01
7.788072480944083775e-01
7.796308329550606375e-01
7.804554751586980643e-01
7.812811739968025249e-01
7.821079287410765968e-01
7.829357386432956867e-01
7.837646029351621468e-01
7.845945208281531746e-01
7.854254915133719317e-01
7.862575141613945551e-01
7.870905879221196111e-01
7.879247119246112208e-01
7.887598852769445168e-01
7.895961070660516556e-01
7.904333763575615013e-01
7.912716921956431948e-01
7.921110536028463933e-01
7.929514595799384002e-01
7.937929091057466247e-01
7.946354011369923809e-01
7.954789346081297952e-01
7.963235084311782730e-01
7.971691214955602955e-01
7.980157726679319996e-01
7.988634607920162001e-01
7.997121846884355234e-01
8.005619431545403231e-01
8.014127349642398146e-01
8.022645588678299911e-01
8.031174135918217605e-01
8.039712978387678621e-01
8.048262102870868961e-01
8.056821495908917941e-01
8.065391143798105178e-01
8.073971032588110885e-01
8.082561148080230629e-01
8.091161475825604521e-01
8.099772001123407561e-01
8.108392709019057731e-01
8.117023584302406336e-01
8.125664611505913903e-01
8.134315774902843854e-01
8.142977058505393995e-01
8.151648446062897957e-01
8.160329921059941150e-01
8.169021466714527779e-01
8.177723065976201244e-01
8.186434701524183399e-01
8.195156355765498279e-01
8.203888010833076949e-01
8.212629648583869013e-01
8.221381250596944135e-01
8.230142798171593554e-01
8.238914272325406074e-01
8.247695653792349590e-01
8.256486923020851521e-01
8.265288060171863682e-01
8.274099045116918294e-01
8.282919857436189526e-01
8.291750476416547277e-01
8.300590881049578762e-01
8.309441050029655607e-01
8.318300961751939893e-01
8.327170594310414620e-01
8.336049925495923052e-01
8.344938932794153663e-01
8.353837593383673932e-01
8.362745884133913066e-01
8.371663781603179144e-01
8.380591262036648503e-01
8.389528301364329588e-01
8.398474875199092304e-01
8.407430958834608559e-01
8.416396527243346082e-01
8.425371555074522290e-01
8.434356016652089227e-01
8.443349885972689650e-01
8.452353136703601999e-01
8.461365742180698701e-01
8.470387675406404471e-01
8.479418909047639064e-01
8.488459415433745603e-01
8.497509166554447768e-01
8.506568134057763686e-01
8.515636289247972002e-01
8.524713603083492464e-01
8.533800046174855325e-01
8.542895588782591920e-01
8.552000200815178532e-01
8.561113851826936960e-01
8.570236511015957293e-01
8.579368147222010688e-01
8.588508728924452162e-01
8.597658224240136704e-01
8.606816600921315397e-01
8.615983826353560415e-01
8.625159867553643389e-01
8.634344691167453734e-01
8.643538263467887006e-01
8.652740550352749915e-01
8.661951517342664220e-01
8.671171129578947312e-01
8.680399351821528331e-01
8.689636148446822084e-01
8.698881483445646268e-01
8.708135320421096504e-01
8.717397622586464667e-01
8.726668352763105041e-01
8.735947473378354866e-01
8.745234946463426029e-01
8.754530733651274543e-01
8.763834796174541086e-01
8.773147094863421591e-01
8.782467590143570035e-01
8.791796242034006781e-01
8.801133010145013591e-01
8.810477853676039750e-01
8.819830731413614844e-01
8.829191601729241556e-01
8.838560422577335096e-01
8.847937151493097119e-01
8.857321745590461815e-01
8.866714161559998697e-01
8.876114355666849809e-01
8.885522283748636951e-01
8.894937901213402220e-01
8.904361163037534110e-01
8.913792023763710271e-01
8.923230437498838041e-01
8.932676357911989440e-01
8.942129738232349467e-01
8.951590531247203275e-01
8.961058689299844504e-01
8.970534164287584655e-01
8.980016907659691405e-01
8.989506870415400197e-01
8.999004003101852556e-01
9.008508255812119891e-01
9.018019578183188445e-01
9.027537919393946453e-01
9.037063228163220163e-01
9.046595452747765442e-01
9.056134540940301569e-01
9.065680440067551693e-01
9.075233096988263304e-01
9.084792458091276446e-01
9.094358469293555292e-01
9.103931076038274117e-01
9.113510223292903278e-01
9.123095855547245225e-01
9.132687916811579321e-01
9.142286350614740043e-01
9.151891100002222945e-01
9.161502107534341688e-01
9.171119315284328444e-01
9.180742664836500921e-01
9.190372097284407182e-01
9.200007553229008206e-01
9.209648972776852682e-01
9.219296295538265129e-01
9.228949460625560652e-01
9.238608406651274141e-01
9.248273071726359484e-01
9.257943393458477610e-01
9.267619308950225676e-01
9.277300754797422888e-01
9.286987667087406306e-01
9.296679981397332204e-01
9.306377632792476318e-01
9.316080555824595155e-01
9.325788684530261774e-01
9.335501952429241523e-01
9.345220292522870009e-01
9.354943637292448821e-01
9.364671918697679009e-01
9.374405068175081235e-01
9.384143016636458112e-01
9.393885694467362102e-01
9.403633031525593378e-01
9.413384957139698805e-01
9.423141400107509780e-01
9.432902288694692272e-01
9.442667550633304652e-01
9.452437113120399914e-01
9.462210902816639013e-01
9.471988845844917515e-01
9.481770867789006685e-01
9.491556893692255636e-01
9.501346848056275718e-01
9.511140654839663755e-01
9.520938237456739728e-01
9.530739518776344399e-01
9.540544421120585872e-01
9.550352866263707163e-01
9.560164775430886053e-01
9.569980069297139291e-01
9.579798667986184624e-01
9.589620491069378305e-01
9.599445457564660389e-01
9.609273485935534431e-01
9.619104494090040536e-01
9.628938399379816104e-01
9.638775118599146596e-01
9.648614567984029611e-01
9.658456663211316684e-01
9.668301319397842875e-01
9.678148451099605198e-01
9.687997972310957717e-01
9.697849796463881011e-01
9.707703836427199473e-01
9.717560004505917393e-01
9.727418212440548384e-01
9.737278371406445920e-01
9.747140392013243781e-01
9.757004184304264305e-01
9.766869657755968825e-01
9.776736721277500264e-01
9.786605283210169093e-01
9.796475251327054767e-01
9.806346532832586060e-01
9.816219034362206886e-01
9.826092661982043230e-01
9.835967321188613388e-01
9.845842916908583708e-01
9.855719353498576529e-01
9.865596534744959234e-01
9.875474363863772087e-01
9.885352743500573913e-01
9.895231575730432105e-01
9.905110762057892648e-01
9.914990203417028969e-01
9.924869800171483014e-01
9.934749452114602919e-01
9.944629058469586225e-01
9.954508517889679720e-01
9.964387728458424798e-01
9.974266587689935015e-01
9.984144992529230267e-01
9.994022839352605381e-01
1.000390002396805089e+00
1.001377644161572045e+00
1.002365198696843818e+00
1.003352655413224603e+00
1.004340003664702996e+00
1.005327232748714605e+00
1.006314331906212667e+00
1.007301290321743759e+00
1.008288097123526628e+00
1.009274741383536123e+00
1.010261212117593788e+00
1.011247498285460455e+00
1.012233588790938388e+00
1.013219472481973638e+00
1.014205138150767516e+00
1.015190574533889833e+00
1.016175770312399917e+00
1.017160714111972286e+00
1.018145394503027434e+00
1.019129800000867503e+00
1.020113919065818164e+00
1.021097740103374729e+00
1.022081251464356466e+00
1.023064441445062256e+00
1.024047298287436236e+00
1.025029810179235668e+00
1.026011965254206348e+00
1.026993751592262472e+00
1.027975157219674918e+00
1.028956170109259327e+00
1.029936778180578383e+00
1.030916969300141872e+00
1.031896731281619628e+00
1.032876051886053137e+00
1.033854918822080249e+00
1.034833319746161218e+00
1.035811242262812071e+00
1.036788673924844417e+00
1.037765602233611251e+00
1.038742014639258304e+00
1.039717898540982066e+00
1.040693241287293791e+00
1.041668030176290616e+00
1.042642252455930674e+00
1.043615895324318199e+00
1.044588945929990187e+00
1.045561391372212823e+00
1.046533218701285017e+00
1.047504414918845050e+00
1.048474966978184986e+00
1.049444861784573302e+00
1.050414086195580854e+00
1.051382627021417493e+00
1.052350471025270684e+00
1.053317604923652562e+00
1.054284015386755202e+00
1.055249689038810779e+00
1.056214612458457269e+00
1.057178772179113047e+00
1.058142154689357906e+00
1.059104746433316757e+00
1.060066533811058198e+00
1.061027503178988862e+00
1.061987640850266867e+00
1.062946933095208824e+00
1.063905366141715492e+00
1.064862926175696112e+00
1.065819599341501833e+00
1.066775371742368028e+00
1.067730229440860157e+00
1.068684158459329181e+00
1.069637144780370752e+00
1.070589174347292172e+00
1.071540233064589787e+00
1.072490306798426829e+00
1.073439381377121693e+00
1.074387442591643760e+00
1.075334476196114109e+00
1.076280467908311778e+00
1.077225403410190463e+00
1.078169268348398102e+00
1.079112048334806895e+00
1.080053728947046210e+00
1.080994295729044152e+00
1.081933734191576679e+00
1.082872029812821379e+00
