0.000000000000000000e+00
-4.259494461055122520e+04
-4.212030269838550885e+04
-4.165076374755755387e+04
-4.118626991172234557e+04
-4.072676907869830029e+04
-4.027220965623436496e+04
-3.982254058114845975e+04
-3.937771125982234662e+04
-3.893767163219815848e+04
-3.850237210547656287e+04
-3.807176360658182239e+04
-3.764579755138172914e+04
-3.722442579451293568e+04
-3.680760072389066045e+04
-3.639527516655508225e+04
-3.598740243370782991e+04
-3.558393629265335767e+04
-3.518483097763852129e+04
-3.479004116748864180e+04
-3.439952200950853148e+04
-3.401322908188344445e+04
-3.363111841784125863e+04
-3.325314647789194714e+04
-3.287927017046033143e+04
-3.250944682501385978e+04
-3.214363419382497159e+04
-3.178179045898828917e+04
-3.142387422014633921e+04
-3.106984448974917905e+04
-3.071966068719140458e+04
-3.037328264092481186e+04
-3.003067059058752420e+04
-2.969178515164220516e+04
-2.935658735508048267e+04
-2.902503861293783848e+04
-2.869710072895879057e+04
-2.837273589055038974e+04
-2.805190665574958257e+04
-2.773457597915533916e+04
-2.742070715834949806e+04
-2.711026388451975799e+04
-2.680321020508953734e+04
-2.649951052426006572e+04
-2.619912961887098572e+04
-2.590203260928607051e+04
-2.560818496455658897e+04
-2.531755251333495471e+04
-2.503010141944325733e+04
-2.474579819532549664e+04
-2.446460968264735129e+04
-2.418650307015301587e+04
-2.391144586612427520e+04
-2.363940591500812661e+04
-2.337035138251902390e+04
-2.310425075925284182e+04
-2.284107285075959953e+04
-2.258078678415026661e+04
-2.232336199451572611e+04
-2.206876822995522525e+04
-2.181697554571704677e+04
-2.156795429378040717e+04
-2.132167513860224790e+04
-2.107810903358463838e+04
-2.083722723117922214e+04
-2.059900127365070148e+04
-2.036340299530054108e+04
-2.013040451496474998e+04
-1.989997823494592376e+04
-1.967209684425208980e+04
-1.944673330080183950e+04
-1.922386084240509081e+04
-1.900345298473777075e+04
-1.878548350179542831e+04
-1.856992644988443499e+04
-1.835675613863612307e+04
-1.814594714578771527e+04
-1.793747430488161990e+04
-1.773131271055155594e+04
-1.752743771361717518e+04
-1.732582491081370245e+04
-1.712645015200974376e+04
-1.692928953581968381e+04
-1.673431940391520766e+04
-1.654151634240601561e+04
-1.635085717441707493e+04
-1.616231896341321590e+04
-1.597587900846579578e+04
-1.579151483957058008e+04
-1.560920421992748197e+04
-1.542892514000120718e+04
-1.525065581652873698e+04
-1.507437469043283636e+04
-1.490006042655393139e+04
-1.472769190469556816e+04
-1.455724822842033973e+04
-1.438870871180993345e+04
-1.422205288349951479e+04
-1.405726048428338618e+04
-1.389431146498962335e+04
-1.373318597962457352e+04
-1.357386439055309165e+04
-1.341632726301086768e+04
-1.326055536003452107e+04
-1.310652964770496692e+04
-1.295423128662888848e+04
-1.280364163290761098e+04
-1.265474223600559708e+04
-1.250751483631641531e+04
-1.236194136445745244e+04
-1.221800393727104893e+04
-1.207568485710560162e+04
-1.193496661089853114e+04
-1.179583186767439656e+04
-1.165826347555290158e+04
-1.152224446086438002e+04
-1.138775802752724121e+04
-1.125478755404681579e+04
-1.112331659070664318e+04
-1.099332886085378959e+04
-1.086480825590165477e+04
-1.073773883666815527e+04
-1.061210482791498362e+04
-1.048789062193162681e+04
-1.036508077168276759e+04
-1.024365999214191834e+04
-1.012361315747217850e+04
-1.000492530211722442e+04
-9.887581613630176435e+03
-9.771567436811201333e+03
-9.656868270263925297e+03
-9.543469761656768242e+03
-9.431357712367049317e+03
-9.320518069978181302e+03
-9.210936930980011311e+03
-9.102600536952169932e+03
-8.995495274077949944e+03
-8.889607672261750849e+03
-8.784924401099628085e+03
-8.681432271624693385e+03
-8.579118233401452017e+03
-8.477969373199093752e+03
-8.377972913173463894e+03
-8.279116210977486844e+03
-8.181386756395665543e+03
-8.084772171310542035e+03
-7.989260208995578978e+03
-7.894838750480868839e+03
-7.801495806004085352e+03
-7.709219511542145483e+03
-7.617998128247952991e+03
-7.527820041884582679e+03
-7.438673761019897938e+03
-7.350547914973471961e+03
-7.263431254542533679e+03
-7.177312648343404362e+03
-7.092181083953353664e+03
-7.008025665333722827e+03
-6.924835611357239941e+03
-6.842600255638510134e+03
-6.761309045244871413e+03
-6.680951539057530681e+03
-6.601517406607033081e+03
-6.522996427260613018e+03
-6.445378489445841296e+03
-6.368653588416767889e+03
-6.292811826644253415e+03
-6.217843411435137568e+03
-6.143738654220250282e+03
-6.070487970270332880e+03
-5.998081876121776077e+03
-5.926510990718310495e+03
-5.855766031759450925e+03
-5.785837816613830910e+03
-5.716717261087845145e+03
-5.648395377208981699e+03
-5.580863273595692590e+03
-5.514112153875611511e+03
-5.448133315673208017e+03
-5.382918149664434168e+03
-5.318458139080355977e+03
-5.254744857839642464e+03
-5.191769970629887212e+03
-5.129525231377583623e+03
-5.068002482443395820e+03
-5.007193653391290354e+03
-4.947090760997592042e+03
-4.887685907564502486e+03
-4.828971280123825636e+03
-4.770939149936964895e+03
-4.713581871204744857e+03
-4.656891880601323464e+03
-4.600861695840678294e+03
-4.545483915739960139e+03
-4.490751218764437908e+03
-4.436656361746991934e+03
-4.383192180407793785e+03
-4.330351587285817004e+03
-4.278127571795344011e+03
-4.226513198468692281e+03
-4.175501607583363693e+03
-4.125086012928741184e+03
-4.075259702043957077e+03
-4.026016034898708313e+03
-3.977348443455792676e+03
-3.929250430855875948e+03
-3.881715570488406684e+03
-3.834737505463417165e+03
-3.788309947840733912e+03
-3.742426677982070942e+03
-3.697081543776654144e+03
-3.652268459600784354e+03
-3.607981406457244248e+03
-3.564214430303080007e+03
-3.520961642296536411e+03
-3.478217217237786372e+03
-3.435975393646441717e+03
-3.394230472666766673e+03
-3.352976817422128079e+03
-3.312208852769022542e+03
-3.271921064075908816e+03
-3.232107996953107431e+03
-3.192764256721059610e+03
-3.153884507374837540e+03
-3.115463471290447615e+03
-3.077495928617108348e+03
-3.039976716449456944e+03
-3.002900728417623213e+03
-2.966262914143614580e+03
-2.930058278359448650e+03
-2.894281880691115020e+03
-2.858928834789120629e+03
-2.823994307978064171e+03
-2.789473520592806835e+03
-2.755361745314487052e+03
-2.721654306891731267e+03
-2.688346581379036706e+03
-2.655433995539325679e+03
-2.622912026594534382e+03
-2.590776201368678358e+03
-2.559022096085732301e+03
-2.527645335498300028e+03
-2.496641592692584254e+03
-2.466006588370118152e+03
-2.435736090422993584e+03
-2.405825913510183454e+03
-2.376271918303839357e+03
-2.347070011406597587e+03
-2.318216144458187955e+03
-2.289706313924727510e+03
-2.261536560512478445e+03
-2.233702968717921522e+03
-2.206201666393209962e+03
-2.179028824258979512e+03
-2.152180655462647792e+03
-2.125653415060633506e+03
-2.099443399697789573e+03
-2.073546947056730005e+03
-2.047960435475018812e+03
-2.022680283520385501e+03
-1.997702949516825356e+03
-1.973024931128847356e+03
-1.948642765009911727e+03
-1.924553026308417202e+03
-1.900752328283643465e+03
-1.877237321892051114e+03
-1.854004695421396491e+03
-1.831051174027211346e+03
-1.808373519405734214e+03
-1.785968529372289140e+03
-1.763833037457848377e+03
-1.741963912528853598e+03
-1.720358058471475260e+03
-1.699012413739403883e+03
-1.677923951015683087e+03
-1.657089676831502629e+03
-1.636506631251678527e+03
-1.616171887421652173e+03
-1.596082551330185879e+03
-1.576235761335072539e+03
-1.556628687924837550e+03
-1.537258533290513697e+03
-1.518122531020438601e+03
-1.499217945780190121e+03
-1.480542072917794712e+03
-1.462092238203552370e+03
-1.443865797471306678e+03
-1.425860136255737416e+03
-1.408072669548952263e+03
-1.390500841443657237e+03
-1.373142124773650266e+03
-1.355994020886447970e+03
-1.339054059286683696e+03
-1.322319797329641915e+03
-1.305788819947900492e+03
-1.289458739313042088e+03
-1.273327194587279791e+03
-1.257391851585249469e+03
-1.241650402518453120e+03
-1.226100565702813810e+03
-1.210740085251283745e+03
-1.195566730817908137e+03
-1.180578297327163455e+03
-1.165772604663972743e+03
-1.151147497440483676e+03
-1.136700844707402894e+03
-1.122430539687269629e+03
-1.108334499525751880e+03
-1.094410665003638542e+03
-1.080657000308982788e+03
-1.067071492763033348e+03
-1.053652152581441896e+03
-1.040397012605245891e+03
-1.027304128076189954e+03
-1.014371576371416950e+03
-1.001597456775186856e+03
-9.889798902338802691e+02
-9.765170191226712859e+02
-9.642070070059144200e+02
-9.520480384015094160e+02
-9.400383185678520022e+02
-9.281760732580885360e+02
-9.164595485001352699e+02
-9.048870103872384334e+02
-8.934567448378414838e+02
-8.821670573913446560e+02
-8.710162729844389560e+02
-8.600027357425403807e+02
-8.491248087728024529e+02
-8.383808739429885009e+02
-8.277693316831025641e+02
-8.172886007813777951e+02
-8.069371181837561835e+02
-7.967133387731651055e+02
-7.866157352185872469e+02
-7.766427977166837309e+02
-7.667930338488590678e+02
-7.570649683636994496e+02
-7.474571429943298426e+02
-7.379681162748963743e+02
-7.285964633414874925e+02
-7.193407757624729584e+02
-7.101996613482360772e+02
-7.011717439742246825e+02
-6.922556634035883008e+02
-6.834500751058217247e+02
-6.747536500866104916e+02
-6.661650747171252078e+02
-6.576830505606113775e+02
-6.493062942024175754e+02
-6.410335370892005358e+02
-6.328635253498093789e+02
-6.247950196494045940e+02
-6.168267950152221601e+02
-6.089576406812439018e+02
-6.011863599286569979e+02
-5.935117699315744630e+02
-5.859327015959428309e+02
-5.784479994162194316e+02
-5.710565213159002269e+02
-5.637571384963625860e+02
-5.565487352927706297e+02
-5.494302090300528789e+02
-5.424004698711418087e+02
-5.354584406737980089e+02
-5.286030568510248031e+02
-5.218332662360708127e+02
-5.151480289262742644e+02
-5.085463171652476717e+02
-5.020271151922335093e+02
-4.955894191163743585e+02
-4.892322367800524034e+02
-4.829545876233745503e+02
-4.767555025610209896e+02
-4.706340238480228209e+02
-4.645892049555145604e+02
-4.586201104400249164e+02
-4.527258158257463947e+02
-4.469054074737791780e+02
-4.411579824639608205e+02
-4.354826484740246997e+02
-4.298785236582395441e+02
-4.243447365304306800e+02
-4.188804258477464941e+02
-4.134847404942228195e+02
-4.081568393647214066e+02
-4.028958912558171050e+02
-3.977010747499872991e+02
-3.925715781067041235e+02
-3.875065991538485264e+02
-3.825053451763032513e+02
-3.775670328128050528e+02
-3.726908879465316886e+02
-3.678761456037723860e+02
-3.631220498465843889e+02
-3.584278536732699649e+02
-3.537928189160814441e+02
-3.492162161401361686e+02
-3.446973245448715488e+02
-3.402354318675610330e+02
-3.358298342824548399e+02
-3.314798363101696737e+02
-3.271847507176642580e+02
-3.229438984281420062e+02
-3.187566084257929901e+02
-3.146222176669880923e+02
-3.105400709860545589e+02
-3.065095210078942500e+02
-3.025299280591500519e+02
-2.986006600795437862e+02
-2.947210925353671769e+02
-2.908906083341528870e+02
-2.871085977398889213e+02
-2.833744582886896524e+02
-2.796875947052558899e+02
-2.760474188226097567e+02
-2.724533495001159622e+02
-2.689048125413767139e+02
-2.654012406185543114e+02
-2.619420731910949485e+02
-2.585267564299041965e+02
-2.551547431391586542e+02
-2.518254926819153923e+02
-2.485384709041865392e+02
-2.452931500613924811e+02
-2.420890087450882220e+02
-2.389255318097158920e+02
-2.358022103027525418e+02
-2.327185413919368386e+02
-2.296740282962798574e+02
-2.266681802167035187e+02
-2.237005122679885574e+02
-2.207705454102263616e+02
-2.178778063827845131e+02
-2.150218276383475882e+02
-2.122021472763937311e+02
-2.094183089795512842e+02
-2.066698619497403229e+02
-2.039563608447301704e+02
-2.012773657158344918e+02
-1.986324419463534241e+02
-1.960211601899881941e+02
-1.934430963116188877e+02
-1.908978313271194338e+02
-1.883849513440131034e+02
-1.859040475041078651e+02
-1.834547159257875251e+02
-1.810365576465210324e+02
-1.786491785675921165e+02
-1.762921893979315655e+02
-1.739652055989640473e+02
-1.716678473313434665e+02
-1.693997394003456520e+02
-1.671605112034526428e+02
-1.649497966775358009e+02
-1.627672342475489131e+02
-1.606124667750077890e+02
-1.584851415074742533e+02
-1.563849100290620129e+02
-1.543114282101313677e+02
-1.522643561597937207e+02
-1.502433581760034542e+02
-1.482481026996040896e+02
-1.462782622663039547e+02
-1.443335134601822460e+02
-1.424135368680717590e+02
-1.405180170337943366e+02
-1.386466424134758597e+02
-1.367991053310819041e+02
-1.349751019346516330e+02
-1.331743321530498463e+02
-1.313964996528376616e+02
-1.296413117964295623e+02
-1.279084796000851867e+02
-1.261977176925430371e+02
-1.245087442744247568e+02
-1.228412810777664674e+02
-1.211950533261945395e+02
-1.195697896959195958e+02
-1.179652222761112768e+02
-1.163810865311542670e+02
-1.148171212624584427e+02
-1.132730685707647638e+02
-1.117486738193529590e+02
-1.102436855971832301e+02
-1.087578556827372438e+02
-1.072909390084475802e+02
-1.058426936249594519e+02
-1.044128806664488138e+02
-1.030012643160960266e+02
-1.016076117718898644e+02
-1.002316932128032647e+02
-9.887328176571334382e+01
-9.753215347218237241e+01
-9.620808725602154254e+01
-9.490086489102854728e+01
-9.361027096915223922e+01
-9.233609286921229398e+01
-9.107812072544034265e+01
-8.983614739711187269e+01
-8.860996843770480780e+01
-8.739938206520631070e+01
-8.620418913214071210e+01
-8.502419309624892207e+01
-8.385919999126109303e+01
-8.270901839822334978e+01
-8.157345941712213744e+01
-8.045233663834405036e+01
-7.934546611521723491e+01
-7.825266633611424538e+01
-7.717375819739994824e+01
-7.610856497607105098e+01
-7.505691230331653685e+01
-7.401862813791373696e+01
-7.299354273984931751e+01
-7.198148864460334551e+01
-7.098230063717309690e+01
-6.999581572670241769e+01
-6.902187312123034246e+01
-6.806031420259743925e+01
-6.711098250162685019e+01
-6.617372367367840980e+01
-6.524838547402164579e+01
-6.433481773381943469e+01
-6.343287233616237586e+01
-6.254240319217087318e+01
-6.166326621744897096e+01
-6.079531930863507938e+01
-5.993842232019342475e+01
-5.909243704128883223e+01
-5.825722717285629670e+01
-5.743265830485726298e+01
-5.661859789365929885e+01
-5.581491523962476009e+01
-5.502148146463132861e+01
-5.423816949007380828e+01
-5.346485401459828068e+01
-5.270141149237909417e+01
-5.194772011104645770e+01
-5.120365977025523563e+01
-5.046911205986370419e+01
-4.974396023861007166e+01
-4.902808921254598573e+01
-4.832138551397910931e+01
-4.762373728006020457e+01
-4.693503423175570788e+01
-4.625516765292437782e+01
-4.558403036918037543e+01
-4.492151672720683564e+01
-4.426752257385585665e+01
-4.362194523551131908e+01
-4.298468349739223271e+01
-4.235563758306096105e+01
-4.173470913378726976e+01
-4.112180118826159259e+01
-4.051681816209316622e+01
-3.991966582754176329e+01
-3.933025129331095116e+01
-3.874848298424780779e+01
-3.817427062134154170e+01
-3.760752520155180179e+01
-3.704815897782531664e+01
-3.649608543919310222e+01
-3.595121929081096113e+01
-3.541347643422486868e+01
-3.488277394753812644e+01
-3.435903006578315910e+01
-3.384216416125126869e+01
-3.333209672404309742e+01
-3.282874934248022925e+01
-3.233204468382658092e+01
-3.184190647492506798e+01
-3.135825948299892474e+01
-3.088102949655693052e+01
-3.041014330630425277e+01
-2.994552868627836162e+01
-2.948711437501143351e+01
-2.903483005680632800e+01
-2.858860634318486760e+01
-2.814837475439245296e+01
-2.771406770108907835e+01
-2.728561846615879105e+01
-2.686296118664296628e+01
-2.644603083586802583e+01
-2.603476320568739411e+01
-2.562909488892310250e+01
-2.522896326199937889e+01
-2.483430646764372085e+01
-2.444506339796419070e+01
-2.406117367759767234e+01
-2.368257764704409141e+01
-2.330921634633241268e+01
-2.294103149879474302e+01
-2.257796549515311924e+01
-2.221996137779475333e+01
-2.186696282530719415e+01
-2.151891413730521307e+01
-2.117576021949311027e+01
-2.083744656895116876e+01
-2.050391925979368324e+01
-2.017512492909840560e+01
-1.985101076302813894e+01
-1.953152448340761183e+01
-1.921661433447505729e+01
-1.890622907007634268e+01
-1.860031794105185199e+01
-1.829883068303289306e+01
-1.800171750459787390e+01
-1.770892907565352914e+01
-1.742041651628936094e+01
-1.713613138591471952e+01
-1.685602567271829244e+01
-1.658005178357994680e+01
-1.630816253426758067e+01
-1.604031113998355096e+01
-1.577645120635295939e+01
-1.551653672072047740e+01
-1.526052204382309974e+01
-1.500836190181454732e+01
-1.476001137871513080e+01
-1.451542590917546782e+01
-1.427456127161253896e+01
-1.403737358172394956e+01
-1.380381928635471667e+01
-1.357385515774796403e+01
-1.334743828810251287e+01
-1.312452608451728686e+01
-1.290507626428101595e+01
-1.268904685049615111e+01
-1.247639616802996088e+01
-1.226708283981649927e+01
-1.206106578346093272e+01
-1.185830420816314401e+01
-1.165875761197572125e+01
-1.146238577933818803e+01
-1.126914877887332622e+01
-1.107900696155613929e+01
-1.089192095904712687e+01
-1.070785168237418006e+01
-1.052676032082635338e+01
-1.034860834110653727e+01
-1.017335748670301143e+01
-1.000096977750265737e+01
-9.831407509594789929e+00
-9.664633255290235425e+00
-9.500609863332186933e+00
-9.339300459256303810e+00
-9.180668445961428503e+00
-9.024677504384490234e+00
-8.871291594358050148e+00
-8.720474955574069043e+00
-8.572192108670600774e+00
-8.426407856448605571e+00
-8.283087285133838407e+00
-8.142195765784327577e+00
-8.003698955720677688e+00
-7.867562800046518312e+00
-7.733753533198388652e+00
-7.602237680575897549e+00
-7.472982060132849824e+00
-7.345953784070168524e+00
-7.221120260460653917e+00
-7.098449194925983363e+00
-6.977908592296769186e+00
-6.859466758220206906e+00
-6.743092300782044468e+00
-6.628754132068403138e+00
-6.516421469688366663e+00
-6.406063838261291998e+00
-6.297651070809251905e+00
-6.191153310131161547e+00
-6.086541010067593405e+00
-5.983784936712490676e+00
-5.882856169520677803e+00
-5.783726102347703346e+00
-5.686366444387635610e+00
-5.590749221017053294e+00
-5.496846774527686108e+00
-5.404631764774771696e+00
-5.314077169695786473e+00
-5.225156285741547890e+00
-5.137842728177181684e+00
-5.052110431268133972e+00
-4.967933648378504152e+00
-4.885286951913564657e+00
-4.804145233169234253e+00
-4.724483702059330881e+00
-4.646277886725465933e+00
-4.569503633013863642e+00
-4.494137103862176019e+00
-4.420154778545028584e+00
-4.347533451814836525e+00
-4.276250232922381933e+00
-4.206282544537407908e+00
-4.137608121542620587e+00
-4.070205009718526945e+00
-4.004051564340763925e+00
-3.939126448649789225e+00
-3.875408632230857631e+00
-3.812877389285966423e+00
-3.751512296828282356e+00
-3.691293232752690390e+00
-3.632200373847612962e+00
-3.574214193692257346e+00
-3.517315460492419277e+00
-3.461485234817703205e+00
-3.406704867275647697e+00
-3.352955996099047375e+00
-3.300220544675774192e+00
-3.248480719005507389e+00
-3.197719005088452082e+00
-3.147918166267535511e+00
-3.099061240500451841e+00
-3.051131537592455700e+00
-3.004112636371024436e+00
-2.957988381816697654e+00
-2.912742882159428781e+00
-2.868360505926590420e+00
-2.824825878965135928e+00
-2.782123881422558842e+00
-2.740239644709340450e+00
-2.699158548433704841e+00
-2.658866217309621138e+00
-2.619348518049311014e+00
-2.580591556246018214e+00
-2.542581673231270489e+00
-2.505305442937138416e+00
-2.468749668734769198e+00
-2.432901380287277870e+00
-2.397747830383588408e+00
-2.363276491783647959e+00
-2.329475054061055150e+00
-2.296331420456739547e+00
-2.263833704733333008e+00
-2.231970228042598148e+00
-2.200729515806247871e+00
-2.170100294608073632e+00
-2.140071489099560242e+00
-2.110632218928726100e+00
-2.081771795681345960e+00
-2.053479719847342455e+00
-2.025745677803715061e+00
-1.998559538827826110e+00
-1.971911352129694928e+00
-1.945791343909587745e+00
-1.920189914448473312e+00
-1.895097635220825971e+00
-1.870505246038078884e+00
-1.846403652219190894e+00
-1.822783921799762119e+00
-1.799637282762616364e+00
-1.776955120309004155e+00
-1.754728974154352139e+00
-1.732950535863725383e+00
-1.711611646219699301e+00
-1.690704292621229010e+00
-1.670220606521344964e+00
-1.650152860895437223e+00
-1.630493467746987779e+00
-1.611234975651072210e+00
-1.592370067326603023e+00
-1.573891557251442919e+00
-1.555792389308008561e+00
-1.538065634469179876e+00
-1.520704488512495178e+00
-1.503702269778738776e+00
-1.487052416961215817e+00
-1.470748486932212939e+00
-1.454784152601755753e+00
-1.439153200815223466e+00
-1.423849530283750831e+00
-1.408867149552773146e+00
-1.394200174998649677e+00
-1.379842828865709414e+00
-1.365789437333118750e+00
-1.352034428620354278e+00
-1.338572331118608183e+00
-1.325397771561696691e+00
-1.312505473225844321e+00
-1.299890254165964931e+00
-1.287547025477641327e+00
-1.275470789593253107e+00
-1.263656638614214289e+00
-1.252099752663185850e+00
-1.240795398279463058e+00
-1.229738926830783008e+00
-1.218925772966736432e+00
-1.208351453092069816e+00
-1.198011563873966567e+00
-1.187901780771530857e+00
-1.178017856603877256e+00
-1.168355620131700912e+00
-1.158910974674702166e+00
-1.149679896754757902e+00
-1.140658434757803485e+00
-1.131842707632019662e+00
-1.123228903601574791e+00
-1.114813278911274574e+00
-1.106592156587690168e+00
-1.098561925234961656e+00
-1.090719037844197326e+00
-1.083060010629793402e+00
-1.075581421886321998e+00
-1.068279910870239879e+00
-1.061152176700751681e+00
-1.054194977282368439e+00
-1.047405128247562711e+00
-1.040779501920710670e+00
-1.034315026301588780e+00
-1.028008684068799639e+00
-1.021857511601294233e+00
-1.015858598018492875e+00
-1.010009084239746002e+00
-1.004306162063606678e+00
-9.987470732611143376e-01
-9.933291086841619100e-01
-9.880496074024907038e-01
-9.829059558410773167e-01
-9.778955869473739959e-01
-9.730159793668350376e-01
-9.682646566368507957e-01
-9.636391863944403502e-01
-9.591371796005927486e-01
-9.547562897767856160e-01
-9.504942122604154164e-01
-9.463486834687439009e-01
-9.423174801789898636e-01
-9.383984188239723467e-01
-9.345893547965808956e-01
-9.308881817722701735e-01
-9.272928310382186901e-01
-9.238012708405384243e-01
-9.204115057398263300e-01
-9.171215759803120759e-01
-9.139295568709930873e-01
-9.108335581751626497e-01
-9.078317235153413600e-01
-9.049222297873481535e-01
-9.021032865816764890e-01
-8.993731356213140460e-01
-8.967300502070694179e-01
-8.941723346705084952e-01
-8.916983238401804401e-01
-8.893063825173896930e-01
-8.869949049583186751e-01
-8.847623143685302560e-01
-8.826070624051075564e-01
-8.805276286883485515e-01
-8.785225203212687628e-01
-8.765902714178798183e-01
-8.747294426402917322e-01
-8.729386207454913338e-01
-8.712164181331538693e-01
-8.695614724142735064e-01
-8.679724459720838947e-01
-8.664480255435695888e-01
-8.649869218002000926e-01
-8.635878689413308829e-01
-8.622496242872175198e-01
-8.609709678898387342e-01
-8.597507021412823525e-01
-8.585876513918714314e-01
-8.574806615763119755e-01
-8.564285998447268566e-01
-8.554303542007695160e-01
-8.544848331459828916e-01
-8.535909653268487496e-01
-8.527476991956218777e-01
-8.519540026672745014e-01
-8.512088627915781469e-01
-8.505112854228468189e-01
-8.498602949002855844e-01
-8.492549337327851555e-01
-8.486942622863861141e-01
-8.481773584810927691e-01
-8.477033174895806100e-01
-8.472712514421658625e-01
-8.468802891377983366e-01
-8.465295757570490132e-01
-8.462182725829462404e-01
-8.459455567243003848e-01
-8.457106208446533158e-01
-8.455126728966347871e-01
-8.453509358576729582e-01
-8.452246474736234694e-01
-8.451330600042900043e-01
-8.450754399740472156e-01
-8.450510679272980052e-01
-8.450592381859401980e-01
-8.450992586128835971e-01
-8.451704503783732392e-01
-8.452721477299471875e-01
-8.454036977685706056e-01
-8.455644602236785934e-01
-8.457538072365951010e-01
-8.459711231463367120e-01
-8.462158042759222454e-01
-8.464872587263626569e-01
-8.467849061725045701e-01
-8.471081776605424718e-01
-8.474565154101546538e-01
-8.478293726223810056e-01
-8.482262132857512071e-01
-8.486465119879931240e-01
-8.490897537324774147e-01
-8.495554337548454349e-01
-8.500430573448303218e-01
-8.505521396684201374e-01
-8.510822055962852239e-01
-8.516327895322913788e-01
-8.522034352446213878e-01
-8.527936957037223209e-01
-8.534031329168753066e-01
-8.540313177696562397e-01
-8.546778298706222410e-01
-8.553422573929778672e-01
-8.560241969270662166e-01
-8.567232533253787974e-01
-8.574390395618727290e-01
-8.581711765825120741e-01
-8.589192931643333528e-01
-8.596830257760262883e-01
-8.604620184393761972e-01
-8.612559225947229447e-01
-8.620643969671836215e-01
-8.628871074354138582e-01
-8.637237269030165754e-01
-8.645739351718033650e-01
-8.654374188166316095e-01
-8.663138710632826145e-01
-8.672029916679386830e-01
-8.681044867971517975e-01
-8.690180689129808345e-01
-8.699434566567683103e-01
-8.708803747368339954e-01
-8.718285538179705307e-01
-8.727877304103850431e-01
-8.737576467642830247e-01
-8.747380507635280633e-01
-8.757286958209020700e-01
-8.767293407771351577e-01
-8.777397497996266562e-01
-8.787596922842988434e-01
-8.797889427572852528e-01
-8.808272807808368299e-01
-8.818744908578670660e-01
-8.829303623407501744e-01
-8.839946893399504013e-01
-8.850672706338086337e-01
-8.861479095826684249e-01
-8.872364140403201649e-01
-8.883325962707768753e-01
-8.894362728635512028e-01
-8.905472646524337232e-01
-8.916653966332880321e-01
-8.927904978869036778e-01
-8.939224014990460043e-01
-8.950609444848526275e-01
-8.962059677122907742e-01
-8.973573158293273178e-01
-8.985148371903298736e-01
-8.996783837838162601e-01
-9.008478111634785623e-01
-9.020229783778400678e-01
-9.032037479024063176e-01
-9.043899855729210513e-01
-9.055815605194139639e-01
-9.067783451026991681e-01
-9.079802148485294211e-01
-9.091870483877320108e-01
-9.103987273923374035e-01
-9.116151365181861532e-01
-9.128361633431584243e-01
-9.140616983103867499e-01
-9.152916346710620044e-01
-9.165258684270403133e-01
-9.177642982766331947e-01
-9.190068255606064218e-01
-9.202533542075780337e-01
-9.215037906835404913e-01
-9.227580439381732891e-01
-9.240160253556942704e-01
-9.252776487056877386e-01
-9.265428300935492079e-01
-9.278114879113585900e-01
-9.290835427935498769e-01
-9.303589175676079126e-01
-9.316375372124335863e-01
-9.329193288091934821e-01
-9.342042215015536888e-01
-9.354921464505776552e-01
-9.367830367924304680e-01
-9.380768275982354076e-01
-9.393734558315800509e-01
-9.406728603105846132e-01
-9.419749816665702324e-01
-9.432797623062399994e-01
-9.445871463750922237e-01
-9.458970797184690360e-01
-9.472095098462458562e-01
-9.485243858959068186e-01
-9.498416585992321970e-01
-9.511612802446551829e-01
-9.524832046478619585e-01
-9.538073871141642401e-01
-9.551337844090043161e-01
-9.564623547237045553e-01
-9.577930576461014534e-01
-9.591258541275367033e-01
-9.604607064553559725e-01
-9.617975782202708990e-01
-9.631364342891257646e-01
-9.644772407759412136e-01
-9.658199650138308279e-01
-9.671645755270397160e-01
-9.685110420049074520e-01
-9.698593352746194274e-01
-9.712094272749653978e-01
-9.725612910331556948e-01
-9.739149006371213835e-01
-9.752702312113665783e-01
-9.766272588951750988e-01
-9.779859608167362772e-01
-9.793463150713340726e-01
-9.807083006982352247e-01
-9.820718976582009097e-01
-9.834370868135714483e-01
-9.848038499039638571e-01
-9.861721695280766253e-01
-9.875420291212803070e-01
-9.889134129372645354e-01
-9.902863060273151552e-01
-9.916606942209329478e-01
-9.930365641070324489e-01
-9.944139030168420712e-01
-9.957926990031854553e-01
-9.971729408252589799e-01
-9.985546179296297398e-01
-9.999377204340945680e-01
-1.001322239110066237e+00
-1.002708165367243165e+00
-1.004095491236960846e+00
-1.005484209356959369e+00
-1.006874312954821882e+00
-1.008265795835012302e+00
-1.009658652362937392e+00
-1.011052877449868603e+00
-1.012448466540574854e+00
-1.013845415597379063e+00
-1.015243721089450046e+00
-1.016643379976615025e+00
-1.018044389698227414e+00
-1.019446748160630856e+00
-1.020850453723149753e+00
-1.022255505188099933e+00
-1.023661901787573658e+00
-1.025069643171332867e+00
-1.026478729398168976e+00
-1.027889160920553380e+00
-1.029300938578256552e+00
-1.030714063584680318e+00
-1.032128537517816413e+00
-1.033544362309521292e+00
-1.034961540236154054e+00
-1.036380073908809374e+00
-1.037799966263337925e+00
-1.039221220551378444e+00
-1.040643840331914038e+00
-1.042067829461303052e+00
-1.043493192086130783e+00
-1.044919932633133763e+00
-1.046348055802158949e+00
-1.047777566557582807e+00
-1.049208470121511416e+00
-1.050640771963834430e+00
-1.052074477797701801e+00
-1.053509593569675440e+00
-1.054946125454256034e+00
-1.056384079845655188e+00
-1.057823463352889126e+00
-1.059264282791268386e+00
-1.060706545176341331e+00
-1.062150257718829760e+00
-1.063595427816835581e+00
-1.065042063051126808e+00
-1.066490171178691160e+00
-1.067939760127636140e+00
-1.069390837990171539e+00
-1.070843413019390900e+00
-1.072297493621951814e+00
-1.073753088354967300e+00
-1.075210205918869955e+00
-1.076668855154265803e+00
-1.078129045036597011e+00
-1.079590784671406567e+00
-1.081054083289946233e+00
-1.082518950244750089e+00
-1.083985395005888197e+00
-1.085453427156422457e+00
-1.086923056388196640e+00
-1.088394292498353844e+00
-1.089867145385412739e+00
-1.091341625045589403e+00
-1.092817741569436674e+00
-1.094295505137356628e+00
-1.095774926017682560e+00
-1.097256014563547044e+00
-1.098738781207033499e+00
-1.100223236459444642e+00
-1.101709390906589148e+00
-1.103197255205141003e+00
-1.104686840082434340e+00
-1.106178156330797080e+00
-1.107671214807199211e+00
-1.109166026429064811e+00
-1.110662602172757918e+00
-1.112160953070856273e+00
-1.113661090210157356e+00
-1.115163024728861307e+00
-1.116666767814766148e+00
-1.118172330703285144e+00
-1.119679724674904175e+00
-1.121188961054090605e+00
-1.122700051206658278e+00
-1.124213006538199000e+00
-1.125727838492400990e+00
-1.127244558548866404e+00
-1.128763178222504493e+00
-1.130283709061637554e+00
-1.131806162644912517e+00
-1.133330550582919205e+00
-1.134856884513271824e+00
-1.136385176102439720e+00
-1.137915437042724909e+00
-1.139447679050659135e+00
-1.140981913868087894e+00
-1.142518153257108038e+00
-1.144056409004140740e+00
-1.145596692914455872e+00
-1.147139016813161883e+00
-1.148683392544496362e+00
-1.150229831969860284e+00
-1.151778346968069133e+00
-1.153328949433731987e+00
-1.154881651276382426e+00
-1.156436464421240151e+00
-1.157993400806494932e+00
-1.159552472384077104e+00
-1.161113691118627944e+00
-1.162677068986794682e+00
-1.164242617976405603e+00
-1.165810350087059133e+00
-1.167380277328814220e+00
-1.168952411721746465e+00
-1.170526765295267779e+00
-1.172103350089564788e+00
-1.173682178152738675e+00
-1.175263261541950488e+00
-1.176846612322682173e+00
-1.178432242569396271e+00
-1.180020164363960511e+00
-1.181610389796365679e+00
-1.183202930964241784e+00
-1.184797799972728605e+00
-1.186395008934176598e+00
-1.187994569968849445e+00
-1.189596495203672388e+00
-1.191200796773056014e+00
-1.192807486818766138e+00
-1.194416577489672671e+00
-1.196028080941571092e+00
-1.197642009337635427e+00
-1.199258374848630293e+00
-1.200877189652667765e+00
-1.202498465935067040e+00
-1.204122215888972169e+00
-1.205748451715043412e+00
-1.207377185622116933e+00
-1.209008429826949449e+00
-1.210642196554643224e+00
-1.212278498038612540e+00
-1.213917346520833718e+00
-1.215558754252147100e+00
-1.217202733493117472e+00
-1.218849296512914071e+00
-1.220498455590673270e+00
-1.222150223015390669e+00
-1.223804611086704686e+00
-1.225461632114551724e+00
-1.227121298418661688e+00
-1.228783622331956593e+00
-1.230448616197450384e+00
-1.232116292370527333e+00
-1.233786663218686908e+00
-1.235459741121961219e+00
-1.237135538473602692e+00
-1.238814067680036546e+00
-1.240495341161879983e+00
-1.242179371353280048e+00
-1.243866170703622709e+00
-1.245555751677204226e+00
-1.247248126753337738e+00
-1.248943308427918897e+00
-1.250641309212440655e+00
-1.252342141636139550e+00
-1.254045818244834631e+00
-1.255752351602101635e+00
-1.257461754290195355e+00
-1.259174038909487869e+00
-1.260889218080136986e+00
-1.262607304441194955e+00
-1.264328310652844234e+00
-1.266052249395075435e+00
-1.267779133369279165e+00
-1.269508975299018738e+00
-1.271241787928981015e+00
-1.272977584028000875e+00
-1.274716376386479944e+00
-1.276458177820334772e+00
-1.278203001168101816e+00
-1.279950859294140653e+00
-1.281701765087970735e+00
-1.283455731464907990e+00
-1.285212771366136097e+00
-1.286972897761075041e+00
-1.288736123645332299e+00
-1.290502462043272791e+00
-1.292271926008158767e+00
-1.294044528621237200e+00
-1.295820282994477379e+00
-1.297599202269894558e+00
-1.299381299620146590e+00
-1.301166588249530243e+00
-1.302955081393854408e+00
-1.304746792321881621e+00
-1.306541734334801586e+00
-1.308339920768406772e+00
-1.310141364991609603e+00
-1.311946080408516790e+00
-1.313754080458980011e+00
-1.315565378617973735e+00
-1.317379988397285429e+00
-1.319197923345930334e+00
-1.321019197050155247e+00
-1.322843823134139729e+00
-1.324671815261376562e+00
-1.326503187134284056e+00
-1.328337952494952123e+00
-1.330176125126213638e+00
-1.332017718851796539e+00
-1.333862747537058135e+00
-1.335711225088848320e+00
-1.337563165457775538e+00
-1.339418582636294763e+00
-1.341277490661978655e+00
-1.343139903616414221e+00
-1.345005835625369794e+00
-1.346875300860704838e+00
-1.348748313540752752e+00
-1.350624887929592344e+00
-1.352505038338614130e+00
-1.354388779127903453e+00
-1.356276124704337782e+00
-1.358167089524800142e+00
-1.360061688095119514e+00
-1.361959934970859765e+00
-1.363861844758689212e+00
-1.365767432115773561e+00
-1.367676711750831275e+00
-1.369589698425609958e+00
-1.371506406953410639e+00
-1.373426852201579784e+00
-1.375351049090375533e+00
-1.377279012595809204e+00
-1.379210757747352023e+00
-1.381146299630502838e+00
-1.383085653386738390e+00
-1.385028834214125926e+00
-1.386975857367250375e+00
-1.388926738158519303e+00
-1.390881491958403382e+00
-1.392840134196488666e+00
-1.394802680360212044e+00
-1.396769145997976969e+00
-1.398739546717720161e+00
-1.400713898188268747e+00
-1.402692216139527215e+00
-1.404674516363386694e+00
-1.406660814713329488e+00
-1.408651127106409717e+00
-1.410645469522343598e+00
-1.412643858005234287e+00
-1.414646308662965479e+00
-1.416652837668066267e+00
-1.418663461259117353e+00
-1.420678195739568661e+00
-1.422697057479420213e+00
-1.424720062915961094e+00
-1.426747228553232105e+00
-1.428778570963224137e+00
-1.430814106786137296e+00
-1.432853852730580746e+00
-1.434897825574455332e+00
-1.436946042166103998e+00
-1.438998519422781897e+00
-1.441055274333681968e+00
-1.443116323957605029e+00
-1.445181685426259355e+00
-1.447251375942797846e+00
-1.449325412782652034e+00
-1.451403813294684930e+00
-1.453486594900476048e+00
-1.455573775096423050e+00
-1.457665371452396164e+00
-1.459761401613310028e+00
-1.461861883299296228e+00
-1.463966834305905795e+00
-1.466076272505153710e+00
-1.468190215845266433e+00
-1.470308682351362473e+00
-1.472431690126057902e+00
-1.474559257349698171e+00
-1.476691402280930543e+00
-1.478828143256342598e+00
-1.480969498692922492e+00
-1.483115487085901130e+00
-1.485266127010469672e+00
-1.487421437122700141e+00
-1.489581436158601946e+00
-1.491746142935970409e+00
-1.493915576353109120e+00
-1.496089755390725973e+00
-1.498268699111735103e+00
-1.500452426661399219e+00
-1.502640957267900479e+00
-1.504834310242855633e+00
-1.507032504981555388e+00
-1.509235560963301470e+00
-1.511443497751635556e+00
-1.513656334995210573e+00
-1.515874092427148767e+00
-1.518096789866673957e+00
-1.520324447218314834e+00
-1.522557084472753175e+00
-1.524794721707399381e+00
-1.527037379085789404e+00
-1.529285076859448589e+00
-1.531537835366377331e+00
-1.533795675032831207e+00
-1.536058616372648622e+00
-1.538326679987760182e+00
-1.540599886569747889e+00
-1.542878256897681766e+00
-1.545161811840437771e+00
-1.547450572356615872e+00
-1.549744559493311025e+00
-1.552043794389000197e+00
-1.554348298271305939e+00
-1.556658092458263587e+00
-1.558973198359484558e+00
-1.561293637474085783e+00
-1.563619431393462822e+00
-1.565950601800048636e+00
-1.568287170467424829e+00
-1.570629159261139662e+00
-1.572976590138834618e+00
-1.575329485150022135e+00
-1.577687866436951358e+00
-1.580051756233638471e+00
-1.582421176867480073e+00
-1.584796150758454703e+00
-1.587176700419574482e+00
-1.589562848456407718e+00
-1.591954617568422714e+00
-1.594352030548201737e+00
-1.596755110281765644e+00
-1.599163879748826567e+00
-1.601578362022879176e+00
-1.603998580270461938e+00
-1.606424557753038274e+00
-1.608856317825272608e+00
-1.611293883936058657e+00
-1.613737279628046251e+00
-1.616186528538446465e+00
-1.618641654397993346e+00
-1.621102681031899362e+00
-1.623569632359226134e+00
-1.626042532393683571e+00
-1.628521405242003173e+00
-1.631006275106232417e+00
-1.633497166281434598e+00
-1.635994103157183410e+00
-1.638497110216693864e+00
-1.641006212036985046e+00
-1.643521433289364841e+00
-1.646042798737880064e+00
-1.648570333240620744e+00
-1.651104061749063989e+00
-1.653644009307866147e+00
-1.656190201054446920e+00
-1.658742662219346187e+00
-1.661301418126274410e+00
-1.663866494191149403e+00
-1.666437915921345381e+00
-1.669015708918074825e+00
-1.671599898872439205e+00
-1.674190511568957040e+00
-1.676787572881604627e+00
-1.679391108776933983e+00
-1.682001145311273760e+00
-1.684617708631511057e+00
-1.687240824974358011e+00
-1.689870520666916454e+00
-1.692506822124368870e+00
-1.695149755851686146e+00
-1.697799348442140976e+00
-1.700455626576000245e+00
-1.703118617023017922e+00
-1.705788346638117181e+00
-1.708464842363716540e+00
-1.711148131228195535e+00
-1.713838240345171293e+00
-1.716535196913732353e+00
-1.719239028216573040e+00
-1.721949761620816810e+00
-1.724667424576481034e+00
-1.727392044616117284e+00
-1.730123649353745963e+00
-1.732862266485265090e+00
-1.735607923786280260e+00
-1.738360649112254963e+00
-1.741120470397851117e+00
-1.743887415655364315e+00
-1.746661512974869712e+00
-1.749442790522406144e+00
-1.752231276539933713e+00
-1.755026999343964444e+00
-1.757829987324678100e+00
-1.760640268945405928e+00
-1.763457872740871624e+00
-1.766282827316633330e+00
-1.769115161348531196e+00
-1.771954903580386542e+00
-1.774802082824351368e+00
-1.777656727958534688e+00
-1.780518867926680571e+00
-1.783388531736300742e+00
-1.786265748458388369e+00
-1.789150547224905630e+00
-1.792042957228886291e+00
-1.794943007721755190e+00
-1.797850728013069110e+00
-1.800766147468363387e+00
-1.803689295508486667e+00
-1.806620201606941034e+00
-1.809558895289870906e+00
-1.812505406133448238e+00
-1.815459763762584222e+00
-1.818421997849366756e+00
-1.821392138111659786e+00
-1.824370214310520710e+00
-1.827356256249879296e+00
-1.830350293773714165e+00
-1.833352356763987334e+00
-1.836362475139639905e+00
-1.839380678854521722e+00
-1.842406997895201348e+00
-1.845441462278893496e+00
-1.848484102051502154e+00
-1.851534947285435440e+00
-1.854594028078356382e+00
-1.857661374549374411e+00
-1.860737016838513336e+00
-1.863820985102880412e+00
-1.866913309515594088e+00
-1.870014020263270238e+00
-1.873123147541705613e+00
-1.876240721556933222e+00
-1.879366772519274198e+00
-1.882501330642397885e+00
-1.885644426140780094e+00
-1.888796089226399966e+00
-1.891956350106153373e+00
-1.895125238979119553e+00
-1.898302786033814638e+00
-1.901489021444529470e+00
-1.904683975369569904e+00
