0.000000000000000000e+00
4.920226536489961975e-19
4.979880810493277300e-19
5.040289825576172545e-19
5.101463531057720267e-19
5.163412012203638454e-19
5.226145491922534064e-19
5.289674336434323151e-19
5.354009051902007610e-19
5.419160288706517434e-19
5.485138842472521667e-19
5.551955661651625412e-19
5.619621841430065048e-19
5.688148632438175582e-19
5.757547437114638402e-19
5.827829816902311174e-19
5.899007492862972168e-19
5.971092348464465404e-19
6.044096427166939391e-19
6.118031945424854112e-19
6.192911282696787585e-19
6.268746990533608453e-19
6.345551796906300572e-19
6.423338602671914304e-19
6.502120489815466232e-19
6.581910720070868355e-19
6.662722738971975357e-19
6.744570178781884571e-19
6.827466862196549335e-19
6.911426800591017555e-19
6.996464203737217762e-19
7.082593475478814453e-19
7.169829221596677098e-19
7.258186250900434642e-19
7.347679577740961851e-19
7.438324425408543077e-19
7.530136231552205118e-19
7.623130644033466415e-19
7.717323535237078919e-19
7.812730992951875944e-19
7.909369334025010739e-19
8.007255101086236611e-19
8.106405066639050128e-19
8.206836241029522861e-19
8.308565869045202504e-19
8.411611440769951601e-19
8.515990685161990000e-19
8.621721587031948567e-19
8.728822376168936801e-19
8.837311543708291500e-19
8.947207835889408627e-19
9.058530263305064239e-19
9.171298106531565415e-19
9.285530912250333727e-19
9.401248503278837868e-19
9.518470984994604239e-19
9.637218741791663784e-19
9.757512444622081498e-19
9.879373059101814231e-19
1.000282184107361269e-18
1.012788035276613989e-18
1.025457045569204287e-18
1.038291432053017847e-18
1.051293443354086289e-18
1.064465359410866241e-18
1.077809492918738797e-18
1.091328188858716932e-18
1.105023825653680822e-18
1.118898815404901297e-18
1.132955603982665438e-18
1.147196672498303741e-18
1.161624536776910166e-18
1.176241748662582037e-18
1.191050895974592998e-18
1.206054603164329068e-18
1.221255532497928068e-18
1.236656383578075266e-18
1.252259894520664521e-18
1.268068842696383395e-18
1.284086044411392995e-18
1.300314356619304635e-18
1.316756676653355391e-18
1.333415943558341770e-18
1.350295137819515606e-18
1.367397282553723964e-18
1.384725444381259523e-18
1.402282733293596375e-18
1.420072303989420148e-18
1.438097356206019683e-18
1.456361135430207682e-18
1.474866933713750967e-18
1.493618089992922700e-18
1.512617991312006396e-18
1.531870073188601298e-18
1.551377820044793225e-18
1.571144767103152092e-18
1.591174499312316653e-18
1.611470654042467880e-18
1.632036920296787770e-18
1.652877040495427061e-18
1.673994810508572491e-18
1.695394081139642036e-18
1.717078758547359204e-18
1.739052805020330467e-18
1.761320240181335424e-18
1.783885141230920534e-18
1.806751644628729219e-18
1.829923946186256001e-18
1.853406302564272049e-18
1.877203031484547287e-18
1.901318513702857767e-18
1.925757192474123337e-18
1.950523576246601442e-18
1.975622237971287551e-18
2.001057817271277249e-18
2.026835020631097482e-18
2.052958623097190605e-18
2.079433468652607137e-18
2.106264471803512889e-18
2.133456617938453868e-18
2.161014965484335081e-18
2.188944645785032256e-18
2.217250865053987053e-18
2.245938905145052055e-18
2.275014124601478167e-18
2.304481960163405468e-18
2.334347927704586615e-18
2.364617623113425069e-18
2.395296724428075667e-18
2.426390991865020030e-18
2.457906270110429772e-18
2.489848488757024808e-18
2.522223664381701093e-18
2.555037901128302387e-18
2.588297392536724456e-18
2.622008422567356886e-18
2.656177367062115106e-18
2.690810695359232886e-18
2.725914971320003707e-18
2.761496854922342190e-18
2.797563103890502934e-18
2.834120574848607397e-18
2.871176225127063339e-18
2.908737113910144432e-18
2.946810404247862898e-18
2.985403364284202450e-18
3.024523368745559759e-18
3.064177901138160425e-18
3.104374554488341375e-18
3.145121034129910370e-18
3.186425158239501373e-18
3.228294860301488701e-18
3.270738190709688974e-18
3.313763318476126278e-18
3.357378532971470022e-18
3.401592245843803118e-18
3.446412992623471282e-18
3.491849435217797874e-18
3.537910363217636312e-18
3.584604696065800013e-18
3.631941484693163772e-18
3.679929914625780399e-18
3.728579306404358279e-18
3.777899119071194518e-18
3.827898951115392848e-18
3.878588543825376882e-18
3.929977782183713369e-18
3.982076697884012887e-18
4.034895471537899196e-18
4.088444434347573075e-18
4.142734071112024112e-18
4.197775022280113619e-18
4.253578085787583627e-18
4.310154220609014039e-18
4.367514547920973387e-18
4.425670354817033695e-18
4.484633095828929263e-18
4.544414396117884219e-18
4.605026053566115429e-18
4.666480041857937535e-18
4.728788513016060927e-18
4.791963799906164257e-18
4.856018419463381765e-18
4.920965074969494342e-18
4.986816659218189229e-18
5.053586257395193495e-18
5.121287149946113142e-18
5.189932815377604233e-18
5.259536934014793638e-18
5.330113389573519661e-18
5.401676274220097430e-18
5.474239890226210418e-18
5.547818753941563880e-18
5.622427598713160938e-18
5.698081378502871542e-18
5.774795270619730029e-18
5.852584680364775864e-18
5.931465243071063351e-18
6.011452828616117800e-18
6.092563544706273935e-18
6.174813740397086327e-18
6.258220010116667146e-18
6.342799196611909848e-18
6.428568395788966658e-18
6.515544960223057135e-18
6.603746502607023691e-18
6.693190900369398830e-18
6.783896299079695037e-18
6.875881117426999935e-18
6.969164050337513757e-18
7.063764074185602701e-18
7.159700450303005843e-18
7.256992729901210088e-18
7.355660758332950731e-18
7.455724679283873189e-18
7.557204939615809232e-18
7.660122294303736622e-18
7.764497810256170844e-18
7.870352872177731298e-18
7.977709186461037416e-18
8.086588786843882896e-18
8.197014038838113447e-18
8.309007644950594839e-18
8.422592650301532653e-18
8.537792446839101878e-18
8.654630780108742454e-18
8.773131752984096956e-18
8.893319832497173228e-18
9.015219854333850059e-18
9.138857029240530909e-18
9.264256948459595841e-18
9.391445589476977363e-18
9.520449321847508409e-18
9.651294913181365877e-18
9.784009535583861138e-18
9.918620771390415670e-18
1.005515661923020666e-17
1.019364550108563703e-17
1.033411626796224237e-17
1.047659820699014467e-17
1.062112104763804840e-17
1.076771496882019463e-17
1.091641060504561506e-17
1.106723905441525254e-17
1.122023188435050568e-17
1.137542114000335812e-17
1.153283935043759220e-17
1.169251953646925892e-17
1.185449521821521716e-17
1.201880042239124177e-17
1.218546968987795924e-17
1.235453808394420034e-17
1.252604119770190980e-17
1.270001516196689250e-17
1.287649665429259589e-17
1.305552290624932556e-17
1.323713171172169837e-17
1.342136143665027965e-17
1.360825102574185279e-17
1.379784001303472583e-17
1.399016852936062219e-17
1.418527731189570629e-17
1.438320771346836563e-17
1.458400171130356756e-17
1.478770191643935017e-17
1.499435158385494886e-17
1.520399462083966456e-17
1.541667559843967611e-17
1.563243975942450310e-17
1.585133303003427566e-17
1.607340202898123213e-17
1.629869407843442223e-17
1.652725721439468556e-17
1.675914019650508603e-17
1.699439251990787029e-17
1.723306442561077178e-17
1.747520691134579203e-17
1.772087174299528392e-17
1.797011146613396038e-17
1.822297941670804969e-17
1.847952973415446212e-17
1.873981737162645486e-17
1.900389810859002743e-17
1.927182856329740876e-17
1.954366620447928237e-17
1.981946936454234301e-17
2.009929725119716191e-17
2.038320996073944587e-17
2.067126849107616152e-17
2.096353475484024000e-17
2.126007159243371102e-17
2.156094278537546054e-17
2.186621307034648617e-17
2.217594815272241783e-17
2.249021472051285936e-17
2.280908045815189744e-17
2.313261406174868727e-17
2.346088525271348389e-17
2.379396479266881744e-17
2.413192449838723070e-17
2.447483725681181321e-17
2.482277704005838201e-17
2.517581892124681991e-17
2.553403908924642352e-17
2.589751486558920117e-17
2.626632471921609299e-17
2.664054828351277960e-17
2.702026637211516056e-17
2.740556099559479787e-17
2.779651537809393401e-17
2.819321397406966869e-17
2.859574248575010402e-17
2.900418787972647441e-17
2.941863840512212628e-17
2.983918361085459421e-17
3.026591436284258630e-17
3.069892286349022610e-17
3.113830266837521396e-17
3.158414870530568510e-17
3.203655729299357021e-17
3.249562615942515691e-17
3.296145446099536081e-17
3.343414280161357305e-17
3.391379325201756374e-17
3.440050936915223832e-17
3.489439621605368404e-17
3.539556038110564062e-17
3.590410999894812293e-17
3.642015477027179616e-17
3.694380598150610129e-17
3.747517652633851780e-17
3.801438092639677706e-17
3.856153535146419348e-17
3.911675764083840009e-17
3.968016732466958618e-17
4.025188564548257026e-17
4.083203557907457595e-17
4.142074185678099125e-17
4.201813098736832328e-17
4.262433127823338062e-17
4.323947285869212358e-17
4.386368770091108992e-17
4.449710964355409826e-17
4.513987441322586029e-17
4.579211964831327393e-17
4.645398492021166741e-17
4.712561175756257518e-17
4.780714366818546389e-17
4.849872616340782981e-17
4.920050677936199033e-17
4.991263510201734766e-17
5.063526278958094473e-17
5.136854359586194131e-17
5.211263339401571709e-17
5.286769019991072063e-17
5.363387419560063109e-17
5.441134775275734204e-17
5.520027545647164683e-17
5.600082412881689594e-17
5.681316285226371986e-17
5.763746299331888708e-17
5.847389822615187918e-17
5.932264455582309133e-17
6.018388034224448382e-17
6.105778632281440503e-17
6.194454563630164952e-17
6.284434384593282833e-17
6.375736896213164196e-17
6.468381146595227713e-17
6.562386433180756174e-17
6.657772304967442566e-17
6.754558564818870351e-17
6.852765271617890496e-17
6.952412742542868526e-17
7.053521555209028958e-17
7.156112549855225804e-17
7.260206831381428538e-17
7.365825771562745281e-17
7.472991011014491333e-17
7.581724461293315269e-17
7.692048306802649311e-17
7.803985006785585218e-17
7.917557297293498855e-17
8.032788192855622536e-17
8.149700988487218646e-17
8.268319261321270629e-17
8.388666872346445872e-17
8.510767968048292464e-17
8.634646981918135358e-17
8.760328636091849857e-17
8.887837942676424898e-17
9.017200205153230744e-17
9.148441019702909634e-17
9.281586276350536817e-17
9.416662160098401390e-17
9.553695152050172529e-17
9.692712030199553319e-17
9.833739870424186333e-17
9.976806047086770570e-17
1.012193823379325909e-16
1.026916440379027973e-16
1.041851283045723275e-16
1.057001208753097928e-16
1.072369104928425465e-16
1.087957889051912321e-16
1.103770508644951455e-16
1.119809941243911579e-16
1.136079194358960594e-16
1.152581305407460213e-16
1.169319341656229847e-16
1.186296400113511489e-16
1.203515607431407590e-16
1.220980119771926803e-16
1.238693122661386888e-16
1.256657830829120016e-16
1.274877488016714621e-16
1.293355366765401112e-16
1.312094768191460463e-16
1.331099021737201534e-16
1.350371484883141468e-16
1.369915542854814200e-16
1.389734608293742980e-16
1.409832120903991493e-16
1.430211547069540435e-16
1.450876379454612120e-16
1.471830136555211932e-16
1.493076362240924875e-16
1.514618625251521494e-16
1.536460518670749434e-16
1.558605659362251062e-16
1.581057687371247961e-16
1.603820265292956216e-16
1.626897077610806808e-16
1.650291829981290445e-16
1.674008248500984251e-16
1.698050078921285849e-16
1.722421085814759942e-16
1.747125051730191866e-16
1.772165776269953628e-16
1.797547075143187647e-16
1.823272779174232273e-16
1.849346733248633103e-16
1.875772795229250817e-16
1.902554834821352379e-16
1.929696732370386530e-16
1.957202377631994325e-16
1.985075668467984834e-16
2.013320509506539452e-16
2.041940810729951442e-16
2.070940486022539347e-16
2.100323451641514328e-16
2.130093624647189854e-16
2.160254921261075952e-16
2.190811255159004103e-16
2.221766535716296295e-16
2.253124666167123520e-16
2.284889541716805997e-16
2.317065047568316148e-16
2.349655056898516344e-16
2.382663428749052500e-16
2.416094005848868222e-16
2.449950612375702037e-16
2.484237051619233399e-16
2.518957103592497651e-16
2.554114522554026595e-16
2.589713034450039975e-16
2.625756334282066429e-16
2.662248083395101015e-16
2.699191906674882986e-16
2.736591389678177595e-16
2.774450075655262515e-16
2.812771462507595530e-16
2.851558999654958962e-16
2.890816084798370426e-16
2.930546060620958055e-16
2.970752211378506625e-16
3.011437759408568585e-16
3.052605861544842752e-16
3.094259605445301909e-16
3.136402005822124979e-16
3.179036000579209694e-16
3.222164446859145246e-16
3.265790116996426343e-16
3.309915694366831974e-16
3.354543769158578758e-16
3.399676834026308228e-16
3.445317279687012474e-16
3.491467390370865590e-16
3.538129339219186646e-16
3.585305183578705910e-16
3.632996860185727282e-16
3.681206180272146179e-16
3.729934824579081438e-16
3.779184338275520495e-16
3.828956125779147768e-16
3.879251445514197299e-16
3.930071404540253663e-16
3.981416953137594532e-16
4.033288879280426241e-16
4.085687803035877191e-16
4.138614170886925340e-16
4.192068249971986975e-16
4.246050122251233618e-16
4.300559678609467754e-16
4.355596612861612689e-16
4.411160415737789655e-16
4.467250368756282979e-16
4.523865538086826430e-16
4.581004768308605718e-16
4.638666676161062150e-16
4.696849644239750146e-16
4.755551814613441792e-16
4.814771082478934004e-16
4.874505089703058454e-16
4.934751218417174403e-16
4.995506584527076919e-16
5.056768031262703113e-16
5.118532122699914690e-16
5.180795137273025175e-16
5.243553061331287401e-16
5.306801582671438093e-16
5.370536084129263035e-16
5.434751637189098981e-16
5.499442995634978532e-16
5.564604589263353502e-16
5.630230517637184180e-16
5.696314543935274666e-16
5.762850088857510834e-16
5.829830224643567074e-16
5.897247669183209627e-16
5.965094780226017121e-16
6.033363549745411155e-16
6.102045598407399314e-16
6.171132170207886896e-16
6.240614127261431204e-16
6.310481944761848204e-16
6.380725706144949989e-16
6.451335098412897175e-16
6.522299407721091095e-16
6.593607515144423395e-16
6.665247892715857163e-16
6.737208599705881821e-16
6.809477279167264880e-16
6.882041154777796907e-16
6.954887027958322306e-16
7.028001275335356387e-16
7.101369846486600772e-16
7.174978262095375694e-16
7.248811612378713081e-16
7.322854555966683988e-16
7.397091319125771940e-16
7.471505695390117929e-16
7.546081045645280679e-16
7.620800298577448556e-16
7.695645951655357423e-16
7.770600072502580243e-16
7.845644300802750416e-16
7.920759850650627602e-16
7.995927513451299592e-16
8.071127661300045032e-16
8.146340250934351027e-16
8.221544828200843943e-16
8.296720533089027598e-16
8.371846105347846697e-16
8.446899890662402632e-16
8.521859847450842154e-16
8.596703554228704260e-16
8.671408217610601606e-16
8.745950680932365678e-16
8.820307433484848083e-16
8.894454620374010351e-16
8.968368053083432238e-16
9.042023220582197060e-16
9.115395301178492154e-16
9.188459174964860950e-16
9.261189436948272085e-16
9.333560410804510796e-16
9.405546163326223589e-16
9.477120519499306399e-16
9.548257078212160355e-16
9.618929228668574005e-16
9.689110167354324753e-16
9.758772915723525156e-16
9.827890338437662925e-16
9.896435162249132392e-16
9.964379995502990349e-16
1.003169734817363256e-15
1.009835965252581620e-15
1.016433928430866039e-15
1.022960858448456346e-15
1.029413988148736301e-15
1.035790551397615906e-15
1.042087785405745423e-15
1.048302933096281380e-15
1.054433245515333114e-15
1.060475984282018208e-15
1.066428424073481627e-15
1.072287855147597954e-15
1.078051585892798798e-15
1.083716945406161154e-15
1.089281286093832547e-15
1.094741986296161333e-15
1.100096452922846520e-15
1.105342124105762210e-15
1.110476471856159236e-15
1.115497004727804362e-15
1.120401270483334082e-15
1.125186858750348303e-15
1.129851403673221502e-15
1.134392586550474365e-15
1.138808138455623734e-15
1.143095842833737009e-15
1.147253538071997332e-15
1.151279120041768809e-15
1.155170544597858525e-15
1.158925830045038673e-15
1.162543059550330346e-15
1.166020383512947389e-15
1.169356021874359997e-15
1.172548266370595345e-15
1.175595482718623962e-15
1.178496112736956491e-15
1.181248676389723494e-15
1.183851773758409627e-15
1.186304086925877113e-15
1.188604381777353542e-15
1.190751509714199635e-15
1.192744409271148262e-15
1.194582107634168272e-15
1.196263722065025210e-15
1.197788461213360335e-15
1.199155626328565954e-15
1.200364612355091973e-15
1.201414908922291004e-15
1.202306101210559833e-15
1.203037870708615715e-15
1.203609995845783381e-15
1.204022352501414585e-15
1.204274914399381073e-15
1.204367753368174652e-15
1.204301039485032859e-15
1.204075041090064702e-15
1.203690124671053501e-15
1.203146754631337717e-15
1.202445492919501111e-15
1.201586998543902214e-15
1.200572026956210106e-15
1.199401429310671316e-15
1.198076151604238421e-15
1.196597233690695472e-15
1.194965808178544757e-15
1.193183099210800701e-15
1.191250421128663631e-15
1.189169177020059889e-15
1.186940857165555870e-15
1.184567037369555518e-15
1.182049377191263175e-15
1.179389618077767536e-15
1.176589581395518540e-15
1.173651166373780004e-15
1.170576347958356436e-15
1.167367174580163681e-15
1.164025765844344921e-15
1.160554310145516544e-15
1.156955062209651531e-15
1.153230340573527855e-15
1.149382525002279306e-15
1.145414053847260701e-15
1.141327421359719725e-15
1.137125174954755555e-15
1.132809912432609957e-15
1.128384279170515741e-15
1.123850965280597758e-15
1.119212702740959539e-15
1.114472262512438887e-15
1.109632451635476487e-15
1.104696110322147813e-15
1.099666109038700500e-15
1.094545345592898249e-15
1.089336742223753396e-15
1.084043242705533141e-15
1.078667809461617059e-15
1.073213420701168479e-15
1.067683067578885958e-15
1.062079751384942092e-15
1.056406480763765056e-15
1.050666268972055522e-15
1.044862131176634548e-15
1.038997081796840800e-15
1.033074131894312880e-15
1.027096286610994725e-15
1.021066542669216260e-15
1.014987885917128838e-15
1.008863288946371528e-15
1.002695708762105353e-15
9.964880845256083347e-16
9.902433353583166815e-16
9.839643582186042853e-16
9.776540258478015210e-16
9.713151847900575417e-16
9.649506534835033722e-16
9.585632204311382726e-16
9.521556424426301598e-16
9.457306429583180976e-16
9.392909104454708953e-16
9.328390968793760609e-16
9.263778162969852224e-16
9.199096434315639283e-16
9.134371124283813257e-16
9.069627156349844683e-16
9.004889024700914879e-16
8.940180783757007168e-16
8.875526038374265160e-16
8.810947934887690170e-16
8.746469152866256940e-16
8.682111897636895607e-16
8.617897893515820583e-16
8.553848377786332886e-16
8.489984095375911163e-16
8.426325294226923469e-16
8.362891721328396585e-16
8.299702619464118377e-16
8.236776724544158010e-16
8.174132263610307080e-16
8.111786953432421930e-16
8.049757999716573951e-16
7.988062096861997595e-16
7.926715428318199811e-16
7.865733667426377831e-16
7.805131978818602026e-16
7.744925020309057676e-16
7.685126945240946580e-16
7.625751405323952689e-16
7.566811553883466491e-16
7.508320049535000503e-16
7.450289060277508634e-16
7.392730267927708428e-16
7.335654872930612054e-16
7.279073599540011371e-16
7.222996701244994903e-16
7.167433966576865372e-16
7.112394725138807893e-16
7.057887853921599121e-16
7.003921783867742518e-16
6.950504506649390823e-16
6.897643581668420647e-16
6.845346143226097354e-16
6.793618907888027405e-16
6.742468182004959034e-16
6.691899869368554078e-16
6.641919478991372853e-16
6.592532133014641682e-16
6.543742574695463639e-16
6.495555176480005279e-16
6.447973948176420036e-16
6.401002545126575509e-16
6.354644276489453868e-16
6.308902113494090404e-16
6.263778697763584490e-16
6.219276349613429190e-16
6.175397076374313294e-16
6.132142580690462750e-16
6.089514268786907885e-16
6.047513258746313589e-16
6.006140388693845074e-16
5.965396224980245889e-16
5.925281070285478623e-16
5.885794971674011385e-16
5.846937728577237215e-16
5.808708900685721755e-16
5.771107815790102980e-16
5.734133577525831744e-16
5.697785072999682778e-16
5.662060980348782591e-16
5.626959776211848981e-16
5.592479743035018242e-16
5.558618976343033497e-16
5.525375391842030944e-16
5.492746732438720654e-16
5.460730575124608058e-16
5.429324337749139870e-16
5.398525285666246721e-16
5.368330538250114333e-16
5.338737075301655072e-16
5.309741743316450582e-16
5.281341261608176097e-16
5.253532228338253840e-16
5.226311126382501132e-16
5.199674329086089605e-16
5.173618105871005178e-16
5.148138627739608140e-16
5.123231972608585192e-16
5.098894130547363520e-16
5.075121008863637717e-16
5.051908437075445680e-16
5.029252171728564667e-16
5.007147901124936659e-16
4.985591249880300410e-16
4.964577783392243402e-16
4.944103012152994152e-16
4.924162395963081320e-16
4.904751348011219760e-16
4.885865238827014440e-16
4.867499400124959334e-16
4.849649128530209730e-16
4.832309689177750243e-16
4.815476319214217405e-16
4.799144231160592820e-16
4.783308616201429706e-16
4.767964647323601261e-16
4.753107482385180604e-16
4.738732267047561821e-16
4.724834137637711592e-16
4.711408223871884036e-16
4.698449651508262133e-16
4.685953544898092485e-16
4.673915029429309165e-16
4.662329233890158210e-16
4.651191292725914692e-16
4.640496348234685919e-16
4.630239552644388523e-16
4.620416070127612613e-16
4.611021078719143445e-16
4.602049772163021052e-16
4.593497361677191528e-16
4.585359077636343557e-16
4.577630171186660351e-16
4.570305915785340863e-16
4.563381608666061765e-16
4.556852572245916789e-16
4.550714155448161924e-16
4.544961734972995401e-16
4.539590716500271784e-16
4.534596535831296295e-16
4.529974659970300842e-16
4.525720588150401024e-16
4.521829852794437583e-16
4.518298020435821627e-16
4.515120692570108993e-16
4.512293506466553720e-16
4.509812135933689674e-16
4.507672292012645599e-16
4.505869723657925180e-16
4.504400218348913284e-16
4.503259602658383356e-16
4.502443742801304010e-16
4.501948545111979577e-16
4.501769956505659949e-16
4.501903964889407935e-16
4.502346599541887473e-16
4.503093931456156229e-16
4.504142073654361936e-16
4.505487181446927574e-16
4.507125452706050433e-16
4.509053128047245632e-16
4.511266491043728926e-16
4.513761868361381938e-16
4.516535629897889471e-16
4.519584188890831200e-16
4.522904001992924215e-16
4.526491569320393994e-16
4.530343434492984446e-16
4.534456184648890064e-16
4.538826450420865265e-16
4.543450905909352837e-16
4.548326268644268553e-16
4.553449299497806408e-16
4.558816802606814701e-16
4.564425625273654958e-16
4.570272657837820734e-16
4.576354833548728865e-16
4.582669128406284758e-16
4.589212561011578635e-16
4.595982192381768474e-16
4.602975125756593135e-16
4.610188506410263551e-16
4.617619521425133598e-16
4.625265399482688444e-16
4.633123410616312584e-16
4.641190865979594485e-16
4.649465117590724809e-16
4.657943558065570536e-16
4.666623620363269291e-16
4.675502777496009389e-16
4.684578542258507741e-16
4.693848466930021588e-16
4.703310142978745556e-16
4.712961200768598962e-16
4.722799309242127397e-16
4.732822175616543768e-16
4.743027545059458152e-16
4.753413200380737879e-16
4.763976961691525361e-16
4.774716686094296621e-16
4.785630267335312836e-16
4.796715635481548276e-16
4.807970756580298792e-16
4.819393632315209866e-16
4.830982299682015337e-16
4.842734830618880138e-16
4.854649331685724393e-16
4.866723943711886585e-16
4.878956841442598497e-16
4.891346233194413726e-16
4.903890360516614782e-16
4.916587497825736783e-16
4.929435952075335493e-16
4.942434062388123732e-16
4.955580199728723275e-16
4.968872766529236954e-16
4.982310196368562896e-16
4.995890953605137368e-16
5.009613533042512978e-16
5.023476459572249226e-16
5.037478287838306427e-16
5.051617601900829249e-16
5.065893014870682244e-16
5.080303168589955267e-16
5.094846733287401851e-16
5.109522407239238879e-16
5.124328916431745844e-16
5.139265014232817680e-16
5.154329481052771337e-16
5.169521124020081549e-16
5.184838776657110681e-16
5.200281298541516812e-16
5.215847574998107901e-16
5.231536516760245924e-16
5.247347059673051763e-16
5.263278164357195646e-16
5.279328815905533784e-16
5.295498023563618718e-16
5.311784820433500784e-16
5.328188263156631671e-16
5.344707431612887354e-16
5.361341428617799340e-16
5.378089379632330770e-16
5.394950432455329128e-16
5.411923756939869614e-16
5.429008544703032231e-16
5.446204008831489031e-16
5.463509383602627982e-16
5.480923924202686066e-16
5.498446906446673084e-16
5.516077626507855481e-16
5.533815400633497214e-16
5.551659564886884493e-16
5.569609474873815871e-16
5.587664505481045545e-16
5.605824050612328533e-16
5.624087522931636581e-16
5.642454353612345760e-16
5.660923992078062130e-16
5.679495905754200565e-16
5.698169579824333233e-16
5.716944516985945437e-16
5.735820237206199350e-16
5.754796277493802346e-16
5.773872191650591737e-16
5.793047550048186562e-16
5.812321939401660436e-16
5.831694962530074927e-16
5.851166238151053280e-16
5.870735400644294708e-16
5.890402099844956926e-16
5.910166000820311883e-16
5.930026783665510659e-16
5.949984143292188463e-16
5.970037789216460236e-16
5.990187445361263667e-16
6.010432849855704528e-16
6.030773754831421107e-16
6.051209926231490547e-16
6.071741143623510219e-16
6.092367199991185608e-16
6.113087901564137513e-16
6.133903067629788306e-16
6.154812530348243885e-16
6.175816134566564265e-16
6.196913737656339086e-16
6.218105209329162207e-16
6.239390431463442218e-16
6.260769297943770642e-16
6.282241714484756473e-16
6.303807598474558577e-16
6.325466878804700783e-16
6.347219495716588146e-16
6.369065400645653673e-16
6.391004556055340569e-16
6.413036935303334112e-16
6.435162522475544885e-16
6.457381312242198858e-16
6.479693309716894564e-16
6.502098530312093643e-16
6.524596999591613716e-16
6.547188753144033955e-16
6.569873836434585466e-16
6.592652304676775020e-16
6.615524222698599177e-16
6.638489664812974866e-16
6.661548714693514501e-16
6.684701465241959879e-16
6.707948018464566686e-16
6.731288485361623548e-16
6.754722985791302521e-16
6.778251648369924396e-16
6.801874610338197472e-16
6.825592017459695100e-16
6.849404023906197709e-16
6.873310792148409934e-16
6.897312492846085110e-16
6.921409304738737470e-16
6.945601414553080160e-16
6.969889016891357052e-16
6.994272314128030560e-16
7.018751516319604978e-16
7.043326841101917776e-16
7.067998513602949763e-16
7.092766766331152950e-16
7.117631839103191877e-16
7.142593978953177280e-16
7.167653440022184145e-16
7.192810483498537900e-16
7.218065377514498284e-16
7.243418397070426152e-16
7.268869823952963806e-16
7.294419946653224202e-16
7.320069060285576735e-16
7.345817466511206618e-16
7.371665473471236239e-16
7.397613395694155292e-16
7.423661554044470863e-16
7.449810275632530770e-16
7.476059893757196048e-16
7.502410747829401323e-16
7.528863183313036583e-16
7.555417551653284094e-16
7.582074210209140232e-16
7.608833522203850358e-16
7.635695856645477433e-16
7.662661588277947277e-16
7.689731097527286718e-16
7.716904770424006578e-16
7.744182998569650028e-16
7.771566179064533912e-16
7.799054714462968077e-16
7.826649012715923915e-16
7.854349487121461361e-16
7.882156556277566844e-16
7.910070644021226599e-16
7.938092179399769324e-16
7.966221596604583126e-16
7.994459334935877111e-16
8.022805838759684510e-16
8.051261557453523978e-16
8.079826945375341148e-16
8.108502461819324533e-16
8.137288570970515456e-16
8.166185741868977986e-16
8.195194448380538120e-16
8.224315169132289466e-16
8.253548387513789361e-16
8.282894591609570827e-16
8.312354274189002758e-16
8.341927932654920276e-16
8.371616069015566928e-16
8.401419189867270308e-16
8.431337806340701901e-16
8.461372434091320024e-16
8.491523593259354867e-16
8.521791808448915502e-16
8.552177608694538245e-16
8.582681527436718155e-16
8.613304102505765003e-16
8.644045876082404594e-16
8.674907394687027583e-16
8.705889209145644207e-16
8.736991874585113653e-16
8.768215950387752999e-16
8.799562000200898206e-16
8.831030591883157057e-16
8.862622297517537772e-16
8.894337693375036174e-16
8.926177359901487353e-16
8.958141881700851670e-16
8.990231847520872286e-16
9.022447850244726052e-16
9.054790486851006568e-16
9.087260358442395331e-16
9.119858070188917002e-16
9.152584231347063362e-16
9.185439455232309400e-16
9.218424359211966236e-16
9.251539564700382868e-16
9.284785697138055169e-16
9.318163385989841087e-16
9.351673264744944867e-16
9.385315970885277815e-16
9.419092145907558232e-16
9.453002435291043062e-16
9.487047488508901293e-16
9.521227959014456224e-16
9.555544504241800774e-16
9.589997785591448105e-16
9.624588468440498063e-16
9.659317222130088379e-16
9.694184719966593731e-16
9.729191639218034461e-16
9.764338661108714287e-16
9.799626470830558212e-16
9.835055757531167193e-16
9.870627214312632880e-16
9.906341538242277959e-16
9.942199430352062528e-16
9.978201595622463731e-16
1.001434874301233020e-15
1.005064158544454252e-15
1.008708083980424225e-15
1.012366722695971507e-15
1.016040147175104493e-15
1.019728430299908934e-15
1.023431645351799272e-15
1.027149866010446176e-15
1.030883166355985160e-15
1.034631620868657653e-15
1.038395304429827242e-15
1.042174292321978694e-15
1.045968660230391126e-15
1.049778484244212037e-15
1.053603840855502199e-15
1.057444806961922910e-15
1.061301459866795553e-15
1.065173877279639203e-15
1.069062137318619254e-15
1.072966318509651074e-15
1.076886499788789465e-15
1.080822760502884603e-15
1.084775180410717598e-15
1.088743839683716590e-15
1.092728818908464727e-15
1.096730199086283257e-15
1.100748061635319645e-15
1.104782488392221527e-15
1.108833561612434515e-15
1.112901363971993496e-15
1.116985978569792582e-15
1.121087488927703638e-15
1.125205978992428326e-15
1.129341533137588195e-15
1.133494236163962719e-15
1.137664173302774311e-15
1.141851430215330574e-15
1.146056092996964466e-15
1.150278248175363096e-15
1.154517982715942036e-15
1.158775384020710547e-15
1.163050539931377322e-15
1.167343538730603987e-15
1.171654469143916117e-15
1.175983420341615038e-15
1.180330481940448441e-15
1.184695744005044923e-15
1.189079297051078502e-15
1.193481232045387540e-15
1.197901640409081671e-15
1.202340614019271179e-15
1.206798245211457841e-15
1.211274626780191061e-15
1.215769851982291748e-15
1.220284014538526081e-15
1.224817208635933041e-15
1.229369528929855536e-15
1.233941070544656878e-15
1.238531929078080032e-15
1.243142200602322635e-15
1.247771981666186643e-15
1.252421369296631596e-15
1.257090461002535514e-15
1.261779354776189593e-15
1.266488149094729981e-15
1.271216942923661432e-15
1.275965835718291445e-15
1.280734927426535462e-15
1.285524318491306717e-15
1.290334109852068321e-15
1.295164402948954470e-15
1.300015299722231849e-15
1.304886902618093024e-15
1.309779314588596890e-15
1.314692639095430149e-15
1.319626980111519944e-15
1.324582442123841413e-15
1.329559130136521069e-15
1.334557149672212967e-15
1.339576606775141536e-15
1.344617608014507095e-15
1.349680260485680583e-15
1.354764671812889033e-15
1.359870950152740800e-15
1.364999204196732561e-15
1.370149543172623111e-15
1.375322076848135887e-15
1.380516915533646417e-15
1.385734170084570204e-15
1.390973951903454191e-15
1.396236372944096195e-15
1.401521545712739635e-15
1.406829583271357759e-15
1.412160599240580316e-15
1.417514707802499337e-15
1.422892023703357775e-15
1.428292662255160744e-15
1.433716739340632140e-15
1.439164371414469316e-15
1.444635675505432778e-15
1.450130769222139383e-15
1.455649770751985740e-15
1.461192798867002739e-15
1.466759972925525968e-15
1.472351412874764441e-15
1.477967239254383402e-15
1.483607573198295636e-15
1.489272536439200573e-15
1.494962251310135585e-15
1.500676840747165601e-15
1.506416428293500772e-15
1.512181138101529360e-15
1.517971094935981465e-15
1.523786424176915064e-15
1.529627251822044527e-15
1.535493704491221154e-15
1.541385909427147683e-15
1.547303994500455398e-15
1.553248088211077341e-15
1.559218319692547999e-15
1.565214818713317738e-15
1.571237715681767599e-15
1.577287141647404813e-15
1.583363228305281406e-15
1.589466107996711674e-15
1.595595913716018909e-15
1.601752779109699606e-15
1.607936838481500571e-15
1.614148226795164942e-15
1.620387079677358672e-15
1.626653533420237870e-15
1.632947724984973042e-15
1.639269792004554872e-15
1.645619872786661531e-15
1.651998106317778109e-15
1.658404632263794971e-15
1.664839590976157513e-15
1.671303123492405154e-15
1.677795371539991396e-15
1.684316477539748696e-15
1.690866584608694447e-15
1.697445836562480389e-15
1.704054377919034188e-15
1.710692353901724937e-15
1.717359910441513991e-15
1.724057194181013450e-15
1.730784352476578620e-15
1.737541533402128264e-15
1.744328885751654172e-15
1.751146559042026540e-15
1.757994703517234695e-15
1.764873470149580637e-15
1.771783010643622165e-15
1.778723477439813073e-15
1.785695023716595404e-15
1.792697803392488950e-15
1.799731971131524924e-15
1.806797682344977903e-15
1.813895093192203205e-15
1.821024360587860488e-15
1.828185642201378901e-15
1.835379096460895082e-15
1.842604882557676295e-15
1.849863160446056538e-15
1.857154090849172740e-15
1.864477835260396547e-15
1.871834555946439279e-15
1.879224415950338552e-15
1.886647579093966076e-15
1.894104209982208607e-15
1.901594474004041201e-15
1.909118537335872770e-15
1.916676566945486835e-15
1.924268730593953728e-15
1.931895196836822162e-15
1.939556135030691631e-15
1.947251715332611688e-15
1.954982108704027043e-15
1.962747486913401308e-15
1.970548022539803558e-15
1.978383888973382830e-15
1.986255260420268133e-15
1.994162311904476304e-15
2.002105219270303839e-15
2.010084159184114846e-15
2.018099309139361353e-15
2.026150847456698876e-15
2.034238953287690915e-15
2.042363806616721146e-15
2.050525588265050537e-15
2.058724479889746863e-15
2.066960663991443545e-15
2.075234323911237854e-15
2.083545643837378079e-15
2.091894808805022930e-15
2.100282004699230920e-15
2.108707418257226375e-15
2.117171237072342155e-15
2.125673649593901328e-15
2.134214845129603475e-15
2.142795013849227994e-15
2.151414346785591780e-15
2.160073035838128285e-15
2.168771273772652835e-15
2.177509254224464822e-15
2.186287171701453845e-15
2.195105221584817180e-15
2.203963600130969612e-15
2.212862504473933287e-15
2.221802132627008916e-15
2.230782683484566886e-15
2.239804356823602097e-15
2.248867353305641436e-15
2.257971874479135994e-15
2.267118122779219280e-15
2.276306301531054358e-15
2.285536614951025027e-15
2.294809268147335752e-15
2.304124467122278846e-15
2.313482418773669016e-15
2.322883330896037305e-15
2.332327412180391672e-15
2.341814872218756094e-15
2.351345921501902202e-15
2.360920771422691288e-15
2.370539634276195395e-15
2.380202723260891256e-15
2.389910252479615608e-15
2.399662436940281871e-15
2.409459492557074877e-15
2.419301636150449687e-15
2.429189085448566528e-15
2.439122059088006689e-15
2.449100776613173769e-15
2.459125458478446086e-15
2.469196326046144971e-15
2.479313601589999043e-15
2.489477508293588973e-15
2.499688270249277397e-15
2.509946112461189622e-15
2.520251260842948020e-15
2.530603942218865180e-15
2.541004384323346347e-15
2.551452815801128837e-15
2.561949466205369845e-15
2.572494565999559819e-15
2.583088346555131826e-15
2.593731040152656274e-15
2.604422879978855076e-15
2.615164100128393552e-15
2.625954935600416926e-15
2.636795622301534992e-15
2.647686397039016207e-15
2.658627497524726480e-15
2.669619162372743654e-15
2.680661631094816821e-15
2.691755144103352165e-15
2.702899942707353086e-15
2.714096269110389277e-15
2.725344366410597121e-15
2.736644478598171506e-15
2.747996850551065352e-15
2.759401728036782292e-15
2.770859357707001777e-15
2.782369987096622573e-15
2.793933864620898413e-15
2.805551239572688026e-15
2.817222362119472847e-15
2.828947483301561967e-15
2.840726855027437852e-15
2.852560730072199131e-15
2.864449362073146525e-15
2.876393005526314622e-15
2.888391915783251743e-15
2.900446349048148493e-15
2.912556562372348468e-15
2.924722813651119057e-15
2.936945361619118247e-15
2.949224465847163852e-15
2.961560386735312037e-15
2.973953385511657470e-15
2.986403724224217119e-15
2.998911665737701450e-15
3.011477473728142280e-15
3.024101412676679319e-15
3.036783747865742471e-15
3.049524745372240815e-15
3.062324672060158748e-15
3.075183795578643786e-15
3.088102384351619635e-15
3.101080707573240770e-15
3.114119035201331484e-15
3.127217637950093654e-15
3.140376787283542630e-15
3.153596755407980322e-15
3.166877815264231226e-15
3.180220240520479569e-15
3.193624305564980237e-15
3.207090285496149099e-15
3.220618456117065047e-15
3.234209093923649304e-15
3.247862476099767784e-15
3.261578880504330061e-15
3.275358585665321241e-15
3.289201870767856242e-15
3.303109015647131320e-15
3.317080300776247215e-15
3.331116007256648155e-15
3.345216416809646333e-15
3.359381811762804593e-15
3.373612475039665065e-15
3.387908690151986381e-15
3.402270741183380724e-15
3.416698912780117291e-15
3.431193490140135431e-15
3.445754758999068792e-15
3.460383005618064124e-15
3.475078516771002128e-15
3.489841579731717908e-15
3.504672482261219453e-15
3.519571512592641300e-15
3.534538959417510068e-15
3.549575111872960575e-15
3.564680259524304377e-15
3.579854692354035020e-15
3.595098700742487540e-15
3.610412575455888790e-15
3.625796607626172867e-15
3.641251088740714865e-15
3.656776310619514661e-15
3.672372565403372670e-15
3.688040145533589307e-15
3.703779343735360246e-15
3.719590452999863761e-15
3.735473766565862122e-15
3.751429577901558578e-15
3.767458180684877421e-15
3.783559868784126632e-15
3.799734936238043645e-15
3.815983677237530065e-15
3.832306386101996092e-15
3.848703357260136773e-15
3.865174885229264633e-15
3.881721264593101663e-15
3.898342789977409042e-15
3.915039756030880133e-15
3.931812457400535129e-15
3.948661188707357864e-15
3.965586244524320522e-15
3.982587919351060413e-15
3.999666507589519152e-15
4.016822303516826363e-15
4.034055601264644141e-15
4.051366694787150343e-15
4.068755877839070388e-15
4.086223443945213822e-15
4.103769686376355678e-15
4.121394898117940787e-15
4.139099371844404781e-15
4.156883399888241278e-15
4.174747274212175601e-15
4.192691286378108114e-15
4.210715727516780152e-15
4.228820888296842000e-15
4.247007058894391026e-15
4.265274528958821892e-15
4.283623587582480655e-15
4.302054523266633306e-15
4.320567623886469534e-15
4.339163176659568800e-15
4.357841468109476263e-15
4.376602784029514573e-15
