0.000000000000000000e+00
7.017630437879496210e-19
7.102715003395015204e-19
7.188876070831516864e-19
7.276127829301128685e-19
7.364484663512878279e-19
7.453961157936864948e-19
7.544572097028347411e-19
7.636332463816750714e-19
7.729257453553764927e-19
7.823362465498271710e-19
7.918663112630767689e-19
8.015175222241070648e-19
8.112914839720416848e-19
8.211898233733534336e-19
8.312141891437011490e-19
8.413662534332837797e-19
8.516477107993546417e-19
8.620602797433461662e-19
8.726057021271820668e-19
8.832857439905856747e-19
8.941021960258456476e-19
9.050568732383044688e-19
9.161516160838895170e-19
9.273882903018574136e-19
9.387687876402540842e-19
9.502950259900293946e-19
9.619689499010912345e-19
9.737925306793184609e-19
9.857677674944940836e-19
9.978966864834237645e-19
1.010181342825391111e-18
1.022623819427413318e-18
1.035226228914173807e-18
1.047990712776539714e-18
1.060919442635686638e-18
1.074014620215631035e-18
1.087278477854414777e-18
1.100713279351359484e-18
1.114321319645648267e-18
1.128104925908648099e-18
1.142066458050397030e-18
1.156208308469889657e-18
1.170532903589212438e-18
1.185042703038960647e-18
1.199740201653669547e-18
1.214627928662070620e-18
1.229708448887184360e-18
1.244984363117820018e-18
1.260458308689549520e-18
1.276132959767667204e-18
1.292011028024403609e-18
1.308095263537631791e-18
1.324388454631368163e-18
1.340893429218102142e-18
1.357613054607031490e-18
1.374550238699110904e-18
1.391707930219827225e-18
1.409089119599797198e-18
1.426696839148088461e-18
1.444534164110102816e-18
1.462604213168469008e-18
1.480910148909086765e-18
1.499455178643235221e-18
1.518242555041833653e-18
1.537275576549938191e-18
1.556557588516062653e-18
1.576091983275545310e-18
1.595882201878794640e-18
1.615931733276737865e-18
1.636244116525433731e-18
1.656822940489179426e-18
1.677671845050514010e-18
1.698794521762534740e-18
1.720194714763083436e-18
1.741876220928241170e-18
1.763842891724527067e-18
1.786098632786942457e-18
1.808647405901395285e-18
1.831493228680684732e-18
1.854640176460938242e-18
1.878092382489423586e-18
1.901854038600277179e-18
1.925929396757532569e-18
1.950322769818966598e-18
1.975038531943741732e-18
2.000081119418359604e-18
2.025455032759191421e-18
2.051164836314662881e-18
2.077215159631144484e-18
2.103610698753816683e-18
2.130356217199059198e-18
2.157456546055574281e-18
2.184916586555880670e-18
2.212741309305788312e-18
2.240935757064901554e-18
2.269505044193187384e-18
2.298454359423221003e-18
2.327788965147779720e-18
2.357514200003057350e-18
2.387635479326690411e-18
2.418158296035151335e-18
2.449088222568669619e-18
2.480430911411258724e-18
2.512192096546117444e-18
2.544377594902670830e-18
2.576993306747297841e-18
2.610045218022022366e-18
2.643539400845110172e-18
2.677482015149563439e-18
2.711879309817260456e-18
2.746737624132783517e-18
2.782063389452037304e-18
2.817863129582218303e-18
2.854143463253906508e-18
2.890911104826443818e-18
2.928172866065289260e-18
2.965935657718518232e-18
3.004206490500472338e-18
3.042992477328768237e-18
3.082300833911089980e-18
3.122138880795877612e-18
3.162514045429484208e-18
3.203433862946497398e-18
3.244905978134525726e-18
3.286938147069543893e-18
3.329538238891608258e-18
3.372714237074030416e-18
3.416474242052105177e-18
3.460826471666326360e-18
3.505779264225529454e-18
3.551341079539343371e-18
3.597520500836503336e-18
3.644326236830050991e-18
3.691767123720959820e-18
3.739852126860133342e-18
3.788590342341588284e-18
3.837990999655853725e-18
3.888063464016558400e-18
3.938817236904475872e-18
3.990261959375776827e-18
4.042407414241130207e-18
4.095263527477922935e-18
4.148840370395368782e-18
4.203148162957686622e-18
4.258197274499365392e-18
4.313998227159268974e-18
4.370561697595463416e-18
4.427898519687435316e-18
4.486019686419748370e-18
4.544936352928219743e-18
4.604659838375125642e-18
4.665201628603939362e-18
4.726573379072251413e-18
4.788786916894524841e-18
4.851854243716339976e-18
4.915787538059823506e-18
4.980599158860266761e-18
5.046301646871761826e-18
5.112907728635777412e-18
5.180430318546840439e-18
5.248882522276893400e-18
5.318277638988508346e-18
5.388629164968260804e-18
5.459950796117427126e-18
5.532256431696268860e-18
5.605560176177026962e-18
5.679876343764593978e-18
5.755219460625073071e-18
5.831604268592334194e-18
5.909045727983015698e-18
5.987559021438202986e-18
6.067159557082042986e-18
6.147862972471243289e-18
6.229685136489013177e-18
6.312642155122245625e-18
6.396750373446772054e-18
6.482026379467242164e-18
6.568487008775654189e-18
6.656149346934811066e-18
6.745030735114958099e-18
6.835148771692976571e-18
6.926521318597238230e-18
7.019166502880436777e-18
7.113102722964132214e-18
7.208348651667901994e-18
7.304923240403188293e-18
7.402845723767241811e-18
7.502135623613916760e-18
7.602812753708017995e-18
7.704897223880098900e-18
7.808409444656410840e-18
7.913370132145244731e-18
8.019800311970569002e-18
8.127721325238065978e-18
8.237154831930381515e-18
8.348122817051601111e-18
8.460647594504459651e-18
8.574751812913820465e-18
8.690458460578215020e-18
8.807790870182608904e-18
8.926772724932274532e-18
9.047428063050248947e-18
9.169781283956328758e-18
9.293857152806426928e-18
9.419680807419532647e-18
9.547277762980944738e-18
9.676673917930595993e-18
9.807895560409508943e-18
9.940969373440169920e-18
1.007592244148189231e-17
1.021278225664400521e-17
1.035157672436728516e-17
1.049233417036609693e-17
1.063508334676692393e-17
1.077985343830615098e-17
1.092667407002216683e-17
1.107557531259600033e-17
1.122658769013649156e-17
1.137974218672030009e-17
1.153507025368452493e-17
1.169260381631598931e-17
1.185237528184683739e-17
1.201441754592385010e-17
1.217876400040236308e-17
1.234544854182930252e-17
1.251450557757341860e-17
1.268597003460584663e-17
1.285987736753209619e-17
1.303626356603035929e-17
1.321516516350494314e-17
1.339661924533845632e-17
1.358066345654427102e-17
1.376733601206007323e-17
1.395667570343946930e-17
1.414872190861719806e-17
1.434351460179862700e-17
1.454109435991252505e-17
1.474150237483934191e-17
1.494478045984064313e-17
1.515097106205075343e-17
1.536011726957941373e-17
1.557226282255925122e-17
1.578745212262592141e-17
1.600573024325970795e-17
1.622714293957381349e-17
1.645173665931612508e-17
1.667955855227585049e-17
1.691065648246822672e-17
1.714507903714365671e-17
1.738287553974755692e-17
1.762409605926963479e-17
1.786879142274020972e-17
1.811701322594784984e-17
1.836881384542367297e-17
1.862424645025700386e-17
1.888336501408175816e-17
1.914622432685826189e-17
1.941288000751329604e-17
1.968338851664890767e-17
1.995780716804760113e-17
2.023619414359325991e-17
2.051860850431795117e-17
2.080511020438324026e-17
2.109576010468854681e-17
2.139061998641833923e-17
2.168975256455412956e-17
2.199322150167200196e-17
2.230109142326758239e-17
2.261342793043803775e-17
2.293029761578721262e-17
2.325176807746738120e-17
2.357790793511840679e-17
2.390878684345858567e-17
2.424447550963630837e-17
2.458504570696802912e-17
2.493057029205857209e-17
2.528112322039546007e-17
2.563677956289278828e-17
2.599761552155417169e-17
2.636370844771246019e-17
2.673513685682611604e-17
2.711198044833429433e-17
2.749432012007582752e-17
2.788223798859170713e-17
2.827581740507198705e-17
2.867514297456281173e-17
2.908030057378137292e-17
2.949137737012887189e-17
2.990846183992485437e-17
3.033164378776684322e-17
3.076101436587831081e-17
3.119666609403934837e-17
3.163869287842097893e-17
3.208719003241110377e-17
3.254225429689093314e-17
3.300398386035690519e-17
3.347247838022209357e-17
3.394783900391741080e-17
3.443016838963129767e-17
3.491957072847932163e-17
3.541615176611860807e-17
3.592001882517405894e-17
3.643128082722412180e-17
3.695004831603882639e-17
3.747643347957254873e-17
3.801055017436835997e-17
3.855251394819514813e-17
3.910244206389346578e-17
3.966045352353498693e-17
4.022666909336522877e-17
4.080121132691606688e-17
4.138420459123607528e-17
4.197577509095251575e-17
4.257605089467848136e-17
4.318516195979893071e-17
4.380324015915826532e-17
4.443041930667346605e-17
4.506683518403344176e-17
4.571262556754331878e-17
4.636793025557813779e-17
4.703289109466721758e-17
4.770765200870300579e-17
4.839235902552405824e-17
4.908716030582352471e-17
4.979220617075388189e-17
5.050764913179919764e-17
5.123364391855400493e-17
5.197034750834489331e-17
5.271791915602493472e-17
5.347652042345255896e-17
5.424631520903764241e-17
5.502746977831640088e-17
5.582015279504357801e-17
5.662453535082810669e-17
5.744079099673117303e-17
5.826909577397295370e-17
5.910962824654868023e-17
5.996256953106581125e-17
6.082810332991892463e-17
6.170641596379555691e-17
6.259769640214238122e-17
6.350213629732256403e-17
6.441993001673067468e-17
6.535127467563445633e-17
6.629637017045420510e-17
6.725541921169411374e-17
6.822862735785893947e-17
6.921620304856261943e-17
7.021835763831620629e-17
7.123530543032600979e-17
7.226726371107282147e-17
7.331445278374890581e-17
7.437709600238938614e-17
7.545541980674520917e-17
7.654965375630723351e-17
7.766003056459422914e-17
7.878678613392144113e-17
7.993015958949741357e-17
8.109039331491188350e-17
8.226773298515680812e-17
8.346242760277023355e-17
8.467472953087870755e-17
8.590489452951939386e-17
8.715318178701981266e-17
8.841985395778851811e-17
8.970517719391788920e-17
9.100942118040326867e-17
9.233285916879843157e-17
9.367576801071890238e-17
9.503842819169796683e-17
9.642112386417777174e-17
9.782414288077650156e-17
9.924777682725523296e-17
1.006923210536959735e-16
1.021580747086218065e-16
1.036453407688414829e-16
1.051544260721364409e-16
1.066856413472481321e-16
1.082393012445625911e-16
1.098157243664299590e-16
1.114152332960034388e-16
1.130381546257561239e-16
1.146848189869936035e-16
1.163555610753382990e-16
1.180507196792593706e-16
1.197706377053800158e-16
1.215156622032973513e-16
1.232861443907328512e-16
1.250824396769433477e-16
1.269049076842417235e-16
1.287539122712979648e-16
1.306298215518118934e-16
1.325330079152091295e-16
1.344638480442855194e-16
1.364227229326150270e-16
1.384100178994582691e-16
1.404261226049402721e-16
1.424714310629772652e-16
1.445463416520185008e-16
1.466512571261236605e-16
1.487865846218716256e-16
1.509527356664425296e-16
1.531501261814344393e-16
1.553791764860187991e-16
1.576403112986518149e-16
1.599339597352940446e-16
1.622605553069919478e-16
1.646205359145517433e-16
1.670143438404440693e-16
1.694424257404471363e-16
1.719052326293241433e-16
1.744032198681255269e-16
1.769368471451207133e-16
1.795065784563002877e-16
1.821128820814163409e-16
1.847562305598172437e-16
1.874371006589918184e-16
1.901559733439564575e-16
1.929133337407810305e-16
1.957096710978919035e-16
1.985454787433236901e-16
2.014212540385651202e-16
2.043374983287734856e-16
2.072947168881779467e-16
2.102934188628982348e-16
2.133341172079243294e-16
2.164173286212030370e-16
2.195435734725897275e-16
2.227133757284509801e-16
2.259272628705293032e-16
2.291857658118014300e-16
2.324894188053719350e-16
2.358387593493731917e-16
2.392343280858901045e-16
2.426766686951184925e-16
2.461663277831111202e-16
2.497038547625821943e-16
2.532898017312102859e-16
2.569247233399208932e-16
2.606091766568463432e-16
2.643437210243397733e-16
2.681289179090661674e-16
2.719653307458746541e-16
2.758535247725795776e-16
2.797940668613180103e-16
2.837875253378604230e-16
2.878344697967401457e-16
2.919354709069485450e-16
2.960911002101863620e-16
3.003019299101815952e-16
3.045685326543138690e-16
3.088914813071400113e-16
3.132713487133458877e-16
3.177087074530990889e-16
3.222041295877015870e-16
3.267581863966615088e-16
3.313714481030154663e-16
3.360444835924924965e-16
3.407778601180737700e-16
3.455721429981733248e-16
3.504278953033941203e-16
3.553456775309788487e-16
3.603260472705680409e-16
3.653695588593169812e-16
3.704767630224084895e-16
3.756482065068174915e-16
3.808844317000258976e-16
3.861859762392220445e-16
3.915533726068414046e-16
3.969871477155907439e-16
4.024878224807222177e-16
4.080559113786923176e-16
4.136919219964932295e-16
4.193963545639050567e-16
4.251697014765892202e-16
4.310124468047562552e-16
4.369250657882176218e-16
4.429080243203795602e-16
4.489617784148804268e-16
4.550867736642489011e-16
4.612834446797443085e-16
4.675522145221631559e-16
4.738934941156837274e-16
4.803076816498860493e-16
4.867951619667378429e-16
4.933563059358754578e-16
4.999914698136958016e-16
5.067009945915917685e-16
5.134852053264993358e-16
5.203444104627457926e-16
5.272789011361265099e-16
5.342889504669102453e-16
5.413748128383039660e-16
5.485367231630043933e-16
5.557748961344531396e-16
5.630895254681053593e-16
5.704807831278731397e-16
5.779488185399010674e-16
5.854937577966981675e-16
5.931157028461524083e-16
6.008147306704032157e-16
6.085908924555067973e-16
6.164442127453467314e-16
6.243746885900035968e-16
6.323822886818459824e-16
6.404669524812231271e-16
6.486285893354620037e-16
6.568670775873983888e-16
6.651822636774295102e-16
6.735739612366523693e-16
6.820419501752785617e-16
6.905859757650164809e-16
6.992057477133701634e-16
7.079009392383850229e-16
7.166711861360041277e-16
7.255160858457831542e-16
7.344351965177153663e-16
7.434280360721087019e-16
7.524940812679578081e-16
7.616327667643350498e-16
7.708434841917409876e-16
7.801255812200503281e-16
7.894783606385802020e-16
7.989010794356291156e-16
8.083929478890697179e-16
8.179531286658422849e-16
8.275807359298722526e-16
8.372748344625164384e-16
8.470344387955701965e-16
8.568585123612727510e-16
8.667459666533160532e-16
8.766956604128504725e-16
8.867063988273406365e-16
8.967769327559838944e-16
9.069059579733917974e-16
9.170921144435147316e-16
9.273339856152908928e-16
9.376300977506163717e-16
9.479789192803540176e-16
9.583788601948553618e-16
9.688282714695414915e-16
9.793254445219066200e-16
9.898686107148636852e-16
1.000455940897188894e-15
1.011085544982410612e-15
1.021755471582576548e-15
1.032463707680539634e-15
1.043208178355468156e-15
1.053986746559426932e-15
1.064797212946033962e-15
1.075637315759668862e-15
1.086504730773860459e-15
1.097397071301886122e-15
1.108311888257116268e-15
1.119246670287229385e-15
1.130198843971098696e-15
1.141165774085060322e-15
1.152144763938073859e-15
1.163133055782191945e-15
1.174127831296791685e-15
1.185126212147845868e-15
1.196125260629134951e-15
1.207121980375827356e-15
1.218113317172918134e-15
1.229096159831207723e-15
1.240067341160830061e-15
1.251023639026847677e-15
1.261961777487194791e-15
1.272878428029261942e-15
1.283770210888768083e-15
1.294633696463689621e-15
1.305465406815451877e-15
1.316261817267068389e-15
1.327019358092609009e-15
1.337734416300342874e-15
1.348403337506030418e-15
1.359022427904775081e-15
1.369587956333154822e-15
1.380096156428573244e-15
1.390543228872318919e-15
1.400925343736428750e-15
1.411238642913155722e-15
1.421479242637700123e-15
1.431643236101099089e-15
1.441726696144704289e-15
1.451725678049715961e-15
1.461636222401572949e-15
1.471454358041930168e-15
1.481176105094124173e-15
1.490797478073489204e-15
1.500314489062952656e-15
1.509723150964703357e-15
1.519019480818330456e-15
1.528199503180558935e-15
1.537259253572881195e-15
1.546194781971773524e-15
1.555002156368714130e-15
1.563677466361858368e-15
1.572216826801455697e-15
1.580616381471815553e-15
1.588872306803278344e-15
1.596980815615214890e-15
1.604938160882816743e-15
1.612740639520404060e-15
1.620384596178524937e-15
1.627866427041443651e-15
1.635182583630928947e-15
1.642329576602996996e-15
1.649303979527632725e-15
1.656102432659226433e-15
1.662721646667448257e-15
1.669158406355072704e-15
1.675409574318803246e-15
1.681472094582897393e-15
1.687342996167519439e-15
1.693019396605167225e-15
1.698498505396668414e-15
1.703777627384227445e-15
1.708854166061081213e-15
1.713725626784922577e-15
1.718389619904822130e-15
1.722843863796364019e-15
1.727086187782900827e-15
1.731114534956246434e-15
1.734926964877750152e-15
1.738521656158747523e-15
1.741896908915779246e-15
1.745051147092971258e-15
1.747982920645093099e-15
1.750690907581803781e-15
1.753173915862096319e-15
1.755430885140522601e-15
1.757460888354573416e-15
1.759263133157953128e-15
1.760836963181991145e-15
1.762181859144026389e-15
1.763297439777386553e-15
1.764183462590424731e-15
1.764839824462560041e-15
1.765266562050713161e-15
1.765463852032565789e-15
1.765432011162127213e-15
1.765171496155973078e-15
1.764682903393971081e-15
1.763966968450082085e-15
1.763024565435677985e-15
1.761856706176605169e-15
1.760464539208082639e-15
1.758849348599133993e-15
1.757012552604558840e-15
1.754955702152497708e-15
1.752680479156283508e-15
1.750188694675534001e-15
1.747482286909168160e-15
1.744563319036176142e-15
1.741433976906497986e-15
1.738096566586397712e-15
1.734553511754279642e-15
1.730807350975096666e-15
1.726860734824420750e-15
1.722716422907618796e-15
1.718377280741412722e-15
1.713846276534632564e-15
1.709126477854015994e-15
1.704221048197506198e-15
1.699133243465132140e-15
1.693866408347959709e-15
1.688423972635583699e-15
1.682809447452920905e-15
1.677026421426469379e-15
1.671078556794201605e-15
1.664969585466902700e-15
1.658703305039466622e-15
1.652283574770603831e-15
1.645714311528089134e-15
1.638999485715140180e-15
1.632143117178821359e-15
1.625149271110086963e-15
1.618022053948123438e-15
1.610765609276392035e-15
1.603384113747274764e-15
1.595881773014843055e-15
1.588262817694379648e-15
1.580531499354444546e-15
1.572692086547403461e-15
1.564748860881692916e-15
1.556706113140250867e-15
1.548568139460814731e-15
1.540339237565841721e-15
1.532023703067077511e-15
1.523625825829544663e-15
1.515149886417760736e-15
1.506600152611406920e-15
1.497980876013441299e-15
1.489296288730230199e-15
1.480550600153614941e-15
1.471747993825991828e-15
1.462892624403081489e-15
1.453988614717329680e-15
1.445040052935298081e-15
1.436050989819802627e-15
1.427025436099480479e-15
1.417967359934146411e-15
1.408880684498030060e-15
1.399769285660052931e-15
1.390636989779243391e-15
1.381487571607878913e-15
1.372324752300149697e-15
1.363152197534884289e-15
1.353973515743375529e-15
1.344792256449714234e-15
1.335611908713779525e-15
1.326435899688524842e-15
1.317267593278845768e-15
1.308110288906027041e-15
1.298967220379800427e-15
1.289841554867384186e-15
1.280736391971804218e-15
1.271654762898060983e-15
1.262599629728637286e-15
1.253573884787091240e-15
1.244580350096298358e-15
1.235621776928363605e-15
1.226700845445719073e-15
1.217820164424512072e-15
1.208982271064228148e-15
1.200189630879839199e-15
1.191444637671349703e-15
1.182749613569956314e-15
1.174106809157902466e-15
1.165518403660588085e-15
1.156986505205743335e-15
1.148513151148052177e-15
1.140100308457077083e-15
1.131749874165317638e-15
1.123463675872763605e-15
1.115243472309074283e-15
1.107090953942814601e-15
1.099007743641989851e-15
1.090995397385279921e-15
1.083055405008207240e-15
1.075189191000184881e-15
1.067398115331723006e-15
1.059683474324867653e-15
1.052046501550695284e-15
1.044488368765619481e-15
1.037010186867946330e-15
1.029613006888584315e-15
1.022297821000149079e-15
1.015065563550074795e-15
1.007917112117372430e-15
1.000853288578525386e-15
9.938748601976905430e-16
9.869825407256769456e-16
9.801769915119434660e-16
9.734588226265690448e-16
9.668285939898070404e-16
9.602868165099401717e-16
9.538339532235245246e-16
9.474704204405304135e-16
9.411965888904973230e-16
9.350127848697654478e-16
9.289192913856606514e-16
9.229163493013959083e-16
9.170041584744644461e-16
9.111828788916273750e-16
9.054526317986484902e-16
8.998135008204124648e-16
8.942655330751315170e-16
8.888087402810896498e-16
8.834430998494678345e-16
8.781685559685757385e-16
8.729850206787626663e-16
8.678923749316862767e-16
8.628904696382314650e-16
8.579791267034740783e-16
8.531581400474288643e-16
8.484272766106315695e-16
8.437862773438943175e-16
8.392348581869545170e-16
8.347727110250871366e-16
8.303995046335956399e-16
8.261148856050431358e-16
8.219184792590474358e-16
8.178098905370857815e-16
8.137887048752649121e-16
8.098544890664606396e-16
8.060067920982126717e-16
8.022451459792729522e-16
7.985690665422672934e-16
7.949780542350694935e-16
7.914715948875736434e-16
7.880491604669987627e-16
7.847102098101433143e-16
7.814541893428014021e-16
7.782805337767836023e-16
7.751886667929642084e-16
7.721780017046226317e-16
7.692479421057345199e-16
7.663978824984828982e-16
7.636272089082866715e-16
7.609352994770342806e-16
7.583215250432366633e-16
7.557852497052233556e-16
7.533258313647487102e-16
7.509426222597915110e-16
7.486349694751377974e-16
7.464022154444847177e-16
7.442436984283590890e-16
7.421587529867806649e-16
7.401467104284557072e-16
7.382068992491033067e-16
7.363386455540745980e-16
7.345412734702839921e-16
7.328141055381340097e-16
7.311564630934676306e-16
7.295676666382344102e-16
7.280470361901951813e-16
7.265938916302385776e-16
7.252075530274227884e-16
7.238873409588218752e-16
7.226325768124716302e-16
7.214425830807023765e-16
7.203166836428995532e-16
7.192542040339942990e-16
7.182544717049494646e-16
7.173168162697521599e-16
7.164405697458343983e-16
7.156250667796867246e-16
7.148696448651841476e-16
7.141736445530153984e-16
7.135364096469736119e-16
7.129572873970233280e-16
7.124356286767201411e-16
7.119707881558537961e-16
7.115621244661047391e-16
7.112090003535615969e-16
7.109107828276569328e-16
7.106668433007265028e-16
7.104765577187901662e-16
7.103393066882726283e-16
7.102544755923326160e-16
7.102214547027133955e-16
7.102396392830543623e-16
7.103084296876631323e-16
7.104272314525248465e-16
7.105954553811164326e-16
7.108125176242484006e-16
7.110778397539354537e-16
7.113908488325491207e-16
7.117509774757597838e-16
7.121576639108210753e-16
7.126103520313903854e-16
7.131084914430930738e-16
7.136515375115353053e-16
7.142389513989111405e-16
7.148702001014445361e-16
7.155447564789504288e-16
7.162620992842150706e-16
7.170217131852110420e-16
7.178230887853413954e-16
7.186657226403398162e-16
7.195491172710499728e-16
7.204727811728014236e-16
7.214362288238294261e-16
7.224389806859916162e-16
7.234805632088889194e-16
7.245605088255650758e-16
7.256783559496412995e-16
7.268336489673130879e-16
7.280259382279154452e-16
7.292547800322183558e-16
7.305197366192287470e-16
7.318203761493507742e-16
7.331562726856937611e-16
7.345270061758588810e-16
7.359321624278725881e-16
7.373713330891665314e-16
7.388441156187486123e-16
7.403501132623018021e-16
7.418889350225632027e-16
7.434601956310789815e-16
7.450635155157764685e-16
7.466985207688967634e-16
7.483648431141504132e-16
7.500621198718413783e-16
7.517899939222019614e-16
7.535481136697399426e-16
7.553361330054986851e-16
7.571537112677026395e-16
7.590005132029409501e-16
7.608762089257986808e-16
7.627804738784282861e-16
7.647129887881499147e-16
7.666734396259483526e-16
7.686615175631773786e-16
7.706769189286230512e-16
7.727193451646119809e-16
7.747885027831778794e-16
7.768841033197813586e-16
7.790058632909700891e-16
7.811535041470821520e-16
7.833267522263838349e-16
7.855253387105797505e-16
7.877489995784717944e-16
7.899974755584253453e-16
7.922705120826241081e-16
7.945678592411486478e-16
7.968892717341423287e-16
7.992345088254709629e-16
8.016033342962616637e-16
8.039955163974287035e-16
8.064108278028549148e-16
8.088490455630502533e-16
8.113099510577961825e-16
8.137933299496267429e-16
8.162989721369491121e-16
8.188266717078229630e-16
8.213762268932019165e-16
8.239474400205325457e-16
8.265401174674743724e-16
8.291540696167520750e-16
8.317891108090400810e-16
8.344450592981136549e-16
8.371217372056431259e-16
8.398189704749133902e-16
8.425365888265728574e-16
8.452744257145018105e-16
8.480323182794730398e-16
8.508101073071693560e-16
8.536076371823808468e-16
8.564247558464264053e-16
8.592613147530821422e-16
8.621171688267790545e-16
8.649921764170989650e-16
8.678861992596591499e-16
8.707991024317421670e-16
8.737307543116884518e-16
8.766810265360790182e-16
8.796497939601423326e-16
8.826369346149969682e-16
8.856423296695517922e-16
8.886658633885850106e-16
8.917074230942249769e-16
8.947668991248066590e-16
8.978441847980246363e-16
9.009391763705051621e-16
9.040517730003636688e-16
9.071818767092826472e-16
9.103293923441751754e-16
9.134942275414126410e-16
9.166762926880685958e-16
9.198755008872238651e-16
9.230917679205220810e-16
9.263250122137142103e-16
9.295751548010063804e-16
9.328421192888113266e-16
9.361258318226667204e-16
9.394262210531932583e-16
9.427432181006255032e-16
9.460767565228606511e-16
9.494267722823173010e-16
9.527932037121940994e-16
9.561759914855958935e-16
9.595750785819730248e-16
9.629904102571422480e-16
9.664219340109217401e-16
9.698695995567922989e-16
9.733333587921600479e-16
9.768131657661677562e-16
9.803089766526430224e-16
9.838207497187467738e-16
9.873484452963687749e-16
9.908920257545376116e-16
9.944514554699809944e-16
9.980267007998934907e-16
1.001617730053571848e-15
1.005224513466556527e-15
1.008847023172206283e-15
1.012485233175841475e-15
1.016139119330019981e-15
1.019808659305455249e-15
1.023493832569279236e-15
1.027194620356258449e-15
1.030911005647535132e-15
1.034642973142678316e-15
1.038390509238783743e-15
1.042153602004795649e-15
1.045932241157379652e-15
1.049726418039545217e-15
1.053536125597235611e-15
1.057361358355680225e-15
1.061202112398732330e-15
1.065058385345817974e-15
1.068930176331393253e-15
1.072817485981774282e-15
1.076720316396266066e-15
1.080638671125903094e-15
1.084572555151951890e-15
1.088521974867636067e-15
1.092486938055086796e-15
1.096467453870651652e-15
1.100463532821246538e-15
1.104475186747993129e-15
1.108502428806393027e-15
1.112545273448292817e-15
1.116603736403968844e-15
1.120677834663256475e-15
1.124767586458829599e-15
1.128873011250076510e-15
1.132994129703034833e-15
1.137130963675462727e-15
1.141283536201670075e-15
1.145451871472931662e-15
1.149635994823870840e-15
1.153835932715740020e-15
1.158051712721012044e-15
1.162283363508690418e-15
1.166530914828544512e-15
1.170794397495462508e-15
1.175073843376911272e-15
1.179369285376932338e-15
1.183680757423123138e-15
1.188008294451229762e-15
1.192351932393204194e-15
1.196711708162154819e-15
1.201087659640403264e-15
1.205479825665868664e-15
1.209888246019169186e-15
1.214312961410722584e-15
1.218754013469041076e-15
1.223211444728192401e-15
1.227685298615615864e-15
1.232175619440179175e-15
1.236682452382146314e-15
1.241205843478965011e-15
1.245745839616666590e-15
1.250302488517206919e-15
1.254875838727835129e-15
1.259465939612018953e-15
1.264072841335826617e-15
1.268696594861359775e-15
1.273337251933495319e-15
1.277994865071525621e-15
1.282669487559602670e-15
1.287361173436229257e-15
1.292069977484702522e-15
1.296795955224635862e-15
1.301539162902999845e-15
1.306299657483851829e-15
1.311077496641169355e-15
1.315872738749056445e-15
1.320685442873383251e-15
1.325515668764620631e-15
1.330363476847567413e-15
1.335228928215260578e-15
1.340112084620016762e-15
1.345013008466385955e-15
1.349931762803030174e-15
1.354868411315078613e-15
1.359823018317440868e-15
1.364795648746803146e-15
1.369786368155777883e-15
1.374795242705257706e-15
1.379822339157012171e-15
1.384867724867715298e-15
1.389931467783332428e-15
1.395013636430042610e-15
1.400114299911253938e-15
1.405233527899241631e-15
1.410371390628579777e-15
1.415527958892439605e-15
1.420703304035780431e-15
1.425897497948064725e-15
1.431110613060033641e-15
1.436342722337376608e-15
1.441593899274162089e-15
1.446864217889733019e-15
1.452153752720943822e-15
1.457462578819889083e-15
1.462790771746859417e-15
1.468138407565921477e-15
1.473505562840736601e-15
1.478892314629546613e-15
1.484298740479916853e-15
1.489724918425751326e-15
1.495170926981081604e-15
1.500636845137320805e-15
1.506122752358006225e-15
1.511628728575100371e-15
1.517154854185045671e-15
1.522701210044109603e-15
1.528267877465516592e-15
1.533854938215149510e-15
1.539462474506770163e-15
1.545090569000469770e-15
1.550739304797769746e-15
1.556408765437322602e-15
1.562099034894434888e-15
1.567810197573421941e-15
1.573542338308445856e-15
1.579295542357423310e-15
1.585069895400232877e-15
1.590865483536090286e-15
1.596682393278886850e-15
1.602520711554565909e-15
1.608380525700044456e-15
1.614261923458914836e-15
1.620164992978340769e-15
1.626089822806785437e-15
1.632036501891505858e-15
1.638005119576400683e-15
1.643995765598787892e-15
1.650008530086178156e-15
1.656043503555798169e-15
1.662100776910529001e-15
1.668180441436758028e-15
1.674282588803779004e-15
1.680407311059255323e-15
1.686554700628026469e-15
1.692724850309717773e-15
1.698917853277783914e-15
1.705133803076407515e-15
1.711372793617270730e-15
1.717634919179675543e-15
1.723920274408515018e-15
1.730228954310687528e-15
1.736561054255099323e-15
1.742916669968960825e-15
1.749295897538025655e-15
1.755698833402887717e-15
1.762125574358623650e-15
1.768576217552642785e-15
1.775050860482895054e-15
1.781549600996677634e-15
1.788072537288962175e-15
1.794619767899647588e-15
1.801191391713799660e-15
1.807787507959501411e-15
1.814408216205701081e-15
1.821053616361020949e-15
1.827723808672919170e-15
1.834418893726615342e-15
1.841138972441746530e-15
1.847884146072844526e-15
1.854654516207068265e-15
1.861450184763962434e-15
1.868271253992711454e-15
1.875117826470827199e-15
1.881990005105102342e-15
1.888887893127789508e-15
1.895811594096361454e-15
1.902761211892916666e-15
1.909736850721308696e-15
1.916738615107627364e-15
1.923766609898047536e-15
1.930820940258231560e-15
1.937901711671778369e-15
1.945009029938667842e-15
1.952143001174427773e-15
1.959303731810609944e-15
1.966491328589536313e-15
1.973705898568476822e-15
1.980947549113798807e-15
1.988216387902999110e-15
1.995512522921475264e-15
2.002836062463722988e-15
2.010187115129154436e-15
2.017565789824010392e-15
2.024972195758253739e-15
2.032406442444614939e-15
2.039868639699307523e-15
2.047358897638446275e-15
2.054877326677808205e-15
2.062424037532950480e-15
2.069999141216226959e-15
2.077602749036665914e-15
2.085234972598301591e-15
2.092895923800289777e-15
2.100585714833327164e-15
2.108304458181083916e-15
2.116052266617338135e-15
2.123829253205375930e-15
2.131635531297397405e-15
2.139471214531171496e-15
2.147336416831945407e-15
2.155231252408505831e-15
2.163155835753176576e-15
2.171110281640746117e-15
2.179094705125955859e-15
2.187109221544578507e-15
2.195153946509117598e-15
2.203228995909045335e-15
2.211334485910922106e-15
2.219470532953740225e-15
2.227637253750474052e-15
2.235834765284260324e-15
2.244063184809352674e-15
2.252322629848732178e-15
2.260613218191003971e-15
2.268935067891589218e-15
2.277288297270100574e-15
2.285673024907710542e-15
2.294089369647155814e-15
2.302537450591540173e-15
2.311017387099795784e-15
2.319529298788118916e-15
2.328073305528295197e-15
2.336649527442445400e-15
2.345258084905654327e-15
2.353899098542265919e-15
2.362572689223496561e-15
2.371278978065881023e-15
2.380018086431631789e-15
2.388790135923383665e-15
2.397595248384671037e-15
2.406433545896465171e-15
2.415305150776934394e-15
2.424210185578696890e-15
2.433148773084403866e-15
2.442121036308886043e-15
2.451127098493542881e-15
2.460167083107296710e-15
2.469241113840501932e-15
2.478349314606258869e-15
2.487491809536592522e-15
2.496668722979463972e-15
2.505880179497938522e-15
2.515126303866958079e-15
2.524407221070593940e-15
2.533723056300137359e-15
2.543073934952188527e-15
2.552459982623519514e-15
2.561881325111672221e-15
2.571338088410421253e-15
2.580830398706545497e-15
2.590358382378996670e-15
2.599922165995312368e-15
2.609521876306721571e-15
2.619157640249099570e-15
2.628829584935800762e-15
2.638537837658378096e-15
2.648282525881204619e-15
2.658063777237535087e-15
2.667881719530699510e-15
2.677736480725623295e-15
2.687628188948229289e-15
2.697556972481974676e-15
2.707522959764627694e-15
2.717526279383487140e-15
2.727567060072637920e-15
2.737645430710681888e-15
2.747761520313808894e-15
2.757915458036155314e-15
2.768107373162640014e-15
2.778337395107648132e-15
2.788605653408344303e-15
2.798912277723835674e-15
2.809257397829918091e-15
2.819641143612743124e-15
2.830063645068463477e-15
2.840525032297140215e-15
2.851025435498322386e-15
2.861564984965794389e-15
2.872143811086139854e-15
2.882762044331101128e-15
2.893419815254828915e-15
2.904117254488152774e-15
2.914854492734994961e-15
2.925631660767475941e-15
2.936448889419223663e-15
2.947306309582270970e-15
2.958204052202515709e-15
2.969142248272913247e-15
2.980121028829175217e-15
2.991140524944278248e-15
3.002200867723803777e-15
3.013302188299252053e-15
3.024444617824216164e-15
3.035628287467580083e-15
3.046853328408616293e-15
3.058119871829583114e-15
3.069428048912859169e-15
3.080777990831746842e-15
3.092169828747842608e-15
3.103603693802318941e-15
3.115079717110433049e-15
3.126598029756506567e-15
3.138158762784374420e-15
3.149762047196784503e-15
3.161408013941426164e-15
3.173096793910690389e-15
3.184828517931756190e-15
3.196603316760978252e-15
3.208421321074331856e-15
3.220282661465143325e-15
3.232187468433459337e-15
3.244135872378764552e-15
3.256128003595796708e-15
3.268163992263564099e-15
3.280243968439488280e-15
3.292368062052599358e-15
3.304536402893741094e-15
3.316749120610555332e-15
3.329006344696732187e-15
3.341308204486277392e-15
3.353654829143121824e-15
3.366046347655746194e-15
3.378482888826911274e-15
3.390964581265056146e-15
3.403491553376417492e-15
3.416063933357504247e-15
3.428681849183990442e-15
3.441345428603191441e-15
3.454054799125343877e-15
3.466810088013932237e-15
3.479611422276372817e-15
3.492458928654818756e-15
3.505352733616839643e-15
3.518292963347186206e-15
3.531279743734171023e-15
3.544313200364175286e-15
3.557393458510423314e-15
3.570520643120677899e-15
3.583694878810794128e-15
3.596916289850504506e-15
3.610185000157089531e-15
3.623501133281881068e-15
3.636864812400112871e-15
3.650276160300046919e-15
3.663735299374500265e-15
3.677242351605788834e-15
3.690797438557732320e-15
3.704400681361197517e-15
3.718052200707889202e-15
3.731752116832436673e-15
3.745500549504628997e-15
3.759297618017232631e-15
3.773143441173688342e-15
3.787038137273901462e-15
3.800981824105640934e-15
3.814974618929130492e-15
3.829016638467020663e-15
3.843107998887664126e-15
3.857248815798427746e-15
3.871439204227777550e-15
3.885679278612262514e-15
3.899969152787076640e-15
3.914308939968144703e-15
3.928698752742448459e-15
3.943138703052259679e-15
3.957628902180810489e-15
3.972169460739151736e-15
3.986760488653259849e-15
4.001402095146591967e-15
4.016094388730539142e-15
4.030837477183399255e-15
4.045631467541421076e-15
4.060476466079817961e-15
4.075372578302132430e-15
4.090319908918862765e-15
4.105318561839097147e-15
4.120368640149139464e-15
4.135470246100563594e-15
4.150623481090984130e-15
4.165828445652830888e-15
4.181085239432446463e-15
4.196393961176949325e-15
4.211754708715722411e-15
4.227167578945001938e-15
4.242632667810684967e-15
4.258150070291362587e-15
4.273719880381009144e-15
4.289342191071658862e-15
4.305017094336687511e-15
4.320744681112297054e-15
4.336525041280203303e-15
4.352358263649237320e-15
4.368244435937433538e-15
4.384183644753872550e-15
4.400175975579694808e-15
4.416221512750182430e-15
4.432320339436250164e-15
4.448472537622464562e-15
4.464678188092833443e-15
4.480937370407042245e-15
4.497250162883248181e-15
4.513616642576706843e-15
4.530036885263766998e-15
4.546510965415830295e-15
4.563038956184667408e-15
4.579620929378166867e-15
4.596256955441584634e-15
4.612947103437601689e-15
4.629691441021718677e-15
4.646490034427205225e-15
4.663342948437154552e-15
4.680250246368599745e-15
4.697211990045637275e-15
4.714228239783424163e-15
4.731299054360114253e-15
4.748424491000369440e-15
4.765604605348493436e-15
4.782839451448363149e-15
4.800129081719901693e-15
4.817473546935904811e-15
4.834872896199832077e-15
4.852327176921674058e-15
4.869836434794428485e-15
4.887400713772123375e-15
4.905020056042941334e-15
4.922694502008561649e-15
4.940424090257762641e-15
4.958208857542298296e-15
4.976048838753004457e-15
4.993944066894846367e-15
5.011894573063026437e-15
5.029900386414676761e-15
5.047961534147127576e-15
5.066078041471743902e-15
5.084249931586103995e-15
5.102477225650108694e-15
5.120759942760064976e-15
5.139098099922408207e-15
5.157491712026357068e-15
5.175940791817392057e-15
5.194445349872775548e-15
5.213005394572531184e-15
5.231620932070892631e-15
5.250291966274929391e-15
5.269018498810986293e-15
5.287800528999358696e-15
5.306638053827423876e-15
5.325531067920856293e-15
5.344479563515679027e-15
5.363483530429599737e-15
5.382542956034421033e-15
5.401657825226541815e-15
5.420828120398051042e-15
5.440053821410692956e-15
5.459334905561708614e-15
5.478671347558754847e-15
5.498063119488491028e-15
5.517510190788155625e-15
5.537012528214393575e-15
5.556570095814710562e-15
5.576182854896418717e-15
5.595850763997379348e-15
5.615573778856258150e-15
5.635351852376819779e-15
5.655184934605947039e-15
5.675072972696260698e-15
5.695015910875781487e-15
5.715013690420940002e-15
5.735066249620265444e-15
5.755173523745963747e-15
5.775335445022143048e-15
5.795551942591735963e-15
5.815822942486399810e-15
5.836148367593666860e-15
5.856528137625303130e-15
5.876962169084338730e-15
5.897450375232821592e-15
5.917992666061839182e-15
5.938588948254853821e-15
5.959239125157840355e-15
5.979943096747161376e-15
6.000700759593139196e-15
6.021512006830554033e-15
6.042376728125082713e-15
6.063294809636518024e-15
6.084266133991764435e-15
6.105290580244604613e-15
6.126368023847857361e-15
6.147498336616479442e-15
6.168681386694003489e-15
6.189917038522079301e-15
6.211205152802017658e-15
6.232545586463622430e-15
6.253938192631260877e-15
6.275382820589119064e-15
6.296879315746914806e-15
6.318427519605747095e-15
6.340027269725124077e-15
6.361678399687021760e-15
6.383380739063274087e-15
6.405134113379021061e-15
6.426938344081070690e-15
6.448793248500981877e-15
6.470698639821386368e-15
6.492654327043630468e-15
6.514660114948945728e-15
6.536715804068003647e-15
6.558821190644600464e-15
6.580976066601983836e-15
6.603180219505578375e-15
6.625433432533258213e-15
6.647735484437121167e-15
6.670086149509570090e-15
6.692485197550227254e-15
6.714932393831067487e-15
6.737427499059863936e-15
6.759970269350207408e-15
6.782560456182460913e-15
6.805197806372937289e-15
6.827882062038790155e-15
6.850612960561582745e-15
6.873390234557431094e-15
6.896213611839739038e-15
6.919082815386357937e-15
6.941997563306377208e-15
6.964957568805374212e-15
6.987962540152686783e-15
