0.000000000000000000e+00
2.522285891938099947e-13
2.552866358054372553e-13
2.583833878533513651e-13
2.615193396021163037e-13
2.646950079127563895e-13
2.679109169972809635e-13
2.711675979961348446e-13
2.744655895331874972e-13
2.778054376163403948e-13
2.811876956961994389e-13
2.846129248258404725e-13
2.880816938385860642e-13
2.915945794040754193e-13
2.951521659876755297e-13
2.987550462918717970e-13
3.024038211850765794e-13
3.060990995871304109e-13
3.098414991565124365e-13
3.136316458323314052e-13
3.174701742426032190e-13
3.213577279402588806e-13
3.252949591818640863e-13
3.292825293569239958e-13
3.333211089300312269e-13
3.374113778589666799e-13
3.415540252105308902e-13
3.457497498301921725e-13
3.499992601505668946e-13
3.543032745538361625e-13
3.586625212335096717e-13
3.630777387333719946e-13
3.675496756165173886e-13
3.720790908785717987e-13
3.766667542573802120e-13
3.813134461593921767e-13
3.860199576653023728e-13
3.907870910712920422e-13
3.956156598459189644e-13
4.005064887297395069e-13
4.054604139752284142e-13
4.104782836058796541e-13
4.155609574854406880e-13
4.207093072746708774e-13
4.259242171043709511e-13
4.312065833847157029e-13
4.365573149717643784e-13
4.419773335916427710e-13
4.474675737822900470e-13
4.530289832880771107e-13
4.586625230748105628e-13
4.643691675605810172e-13
4.701499049198169532e-13
4.760057371586555913e-13
4.819376804708152890e-13
4.879467651553680122e-13
4.940340362291766103e-13
5.002005531954414624e-13
5.064473906396326110e-13
5.127756382425334071e-13
5.191864010272004718e-13
5.256807996592134976e-13
5.322599705086094871e-13
5.389250660112047774e-13
5.456772550444503798e-13
5.525177228757511658e-13
5.594476715255454466e-13
5.664683200463504962e-13
5.735809047317266299e-13
5.807866794352636758e-13
5.880869156982644612e-13
5.954829031293666925e-13
6.029759496408421626e-13
6.105673816036290977e-13
6.182585444287700526e-13
6.260508024872832309e-13
6.339455394522475112e-13
6.419441589296326770e-13
6.500480842578163626e-13
6.582587591233657960e-13
6.665776478315348459e-13
6.750062353886159506e-13
6.835460281529256051e-13
6.921985537766019267e-13
7.009653618532971712e-13
7.098480241320540047e-13
7.188481345758057121e-13
7.279673102300431684e-13
7.372071909177322111e-13
7.465694402800575044e-13
7.560557454880140835e-13
7.656678179484685103e-13
7.754073936432419364e-13
7.852762333305702843e-13
7.952761231416395010e-13
8.054088746896304191e-13
8.156763256814999026e-13
8.260803400930167874e-13
8.366228089520375007e-13
8.473056501184943947e-13
8.581308092611285342e-13
8.691002599738655871e-13
8.802160041638537024e-13
8.914800727719674085e-13
9.028945258510278800e-13
9.144614531035038597e-13
9.261829744734418822e-13
9.380612404918313457e-13
9.500984327304164754e-13
9.622967640991107687e-13
9.746584797677142949e-13
9.871858570986236828e-13
9.998812065427525334e-13
1.012746871917256704e-12
1.025785231024224210e-12
1.038998696046568388e-12
1.052389714088220257e-12
1.065960767837225857e-12
1.079714375869502081e-12
1.093653093379687899e-12
1.107779512692102471e-12
1.122096263619691648e-12
1.136606014361755621e-12
1.151311471738841962e-12
1.166215382147179370e-12
1.181320531670273347e-12
1.196629747214177652e-12
1.212145896751815514e-12
1.227871889917986636e-12
1.243810678894604132e-12
1.259965258996270754e-12
1.276338668961150605e-12
1.292933992232609977e-12
1.309754356940970702e-12
1.326802937155432868e-12
1.344082953163929442e-12
1.361597672561177159e-12
1.379350410510735246e-12
1.397344530850385908e-12
1.415583446547431411e-12
1.434070620665620366e-12
1.452809567029336795e-12
1.471803850873653633e-12
1.491057089787632451e-12
1.510572954437496003e-12
1.530355169450465865e-12
1.550407513851113129e-12
1.570733822748118417e-12
1.591337987000785002e-12
1.612223955103599193e-12
1.633395733565743063e-12
1.654857387619661273e-12
1.676613042686935186e-12
1.698666884696992160e-12
1.721023161463053250e-12
1.743686183298186470e-12
1.766660324086772664e-12
1.789950022251298288e-12
1.813559781725621455e-12
1.837494173048095351e-12
1.861757834113449365e-12
1.886355471557718844e-12
1.911291861299326633e-12
1.936571850183166741e-12
1.962200356612952821e-12
1.988182371832114615e-12
2.014522960985059377e-12
2.041227264240292903e-12
2.068300497981768433e-12
2.095747955845495415e-12
2.123575010018300313e-12
2.151787112372577847e-12
2.180389795684545074e-12
2.209388674953090804e-12
2.238789448441335333e-12
2.268597899119593310e-12
2.298819896050620143e-12
2.329461395365183892e-12
2.360528441926344580e-12
2.392027170386994510e-12
2.423963806870373826e-12
2.456344670192879336e-12
2.489176173044513846e-12
2.522464824030294003e-12
2.556217228566710511e-12
2.590440090520859221e-12
2.625140213977152704e-12
2.660324504158907297e-12
2.695999969807026160e-12
2.732173723853617527e-12
2.768852985836155651e-12
2.806045082947664142e-12
2.843757451900700836e-12
2.881997640602165483e-12
2.920773309908179171e-12
2.960092235115431196e-12
2.999962308072808389e-12
3.040391538514057002e-12
3.081388056162474707e-12
3.122960112699998699e-12
3.165116083194311564e-12
3.207864468151124851e-12
3.251213895835843617e-12
3.295173123456529213e-12
3.339751040018108607e-12
3.384956667321697829e-12
3.430799163063194688e-12
3.477287822074121997e-12
3.524432078824315016e-12
3.572241509529929047e-12
3.620725834073677430e-12
3.669894918565287942e-12
3.719758777220580081e-12
3.770327574886944003e-12
3.821611629132111319e-12
3.873621412818076608e-12
3.926367556163345927e-12
3.979860849520547915e-12
4.034112245370704856e-12
4.089132861253757493e-12
4.144933981946824810e-12
4.201527062159785311e-12
4.258923729128034266e-12
4.317135785164066903e-12
4.376175210449028796e-12
4.436054165574042510e-12
4.496784994373374704e-12
4.558380226909411077e-12
4.620852582015495195e-12
4.684214970165073112e-12
4.748480496759451958e-12
4.813662464515811402e-12
4.879774377012351926e-12
4.946829941552471518e-12
5.014843072086368398e-12
5.083827892426168469e-12
5.153798739809256221e-12
5.224770167565705219e-12
5.296756948630369040e-12
5.369774079155061885e-12
5.443836781397171824e-12
5.518960507447095774e-12
5.595160942793029277e-12
5.672454009553233713e-12
5.750855870260080643e-12
5.830382931583934912e-12
5.911051847780420970e-12
5.992879524563070049e-12
6.075883122898570214e-12
6.160080062950655285e-12
6.245488027683600845e-12
6.332124967262123942e-12
6.420009102742611137e-12
6.509158930275158856e-12
6.599593225259431383e-12
6.691331046450505917e-12
6.784391740328099542e-12
6.878794945418689707e-12
6.974560596591530052e-12
7.071708929579442871e-12
7.170260485297448313e-12
7.270236114883687851e-12
7.371656983678879542e-12
7.474544576570972687e-12
7.578920702242057078e-12
7.684807498354111740e-12
7.792227436267066237e-12
7.901203326077056001e-12
8.011758321797949543e-12
8.123915925906163085e-12
8.237699995402959021e-12
8.353134746356683686e-12
8.470244759574000031e-12
8.589054985661690135e-12
8.709590751040772014e-12
8.831877763112651287e-12
8.955942115722122448e-12
9.081810295128691997e-12
9.209509186052320372e-12
9.339066076771113109e-12
9.470508665798773501e-12
9.603865067383127388e-12
9.739163817751252775e-12
9.876433881408429495e-12
1.001570465726899027e-11
1.015700598493604490e-11
1.030036815124215084e-11
1.044582189654513507e-11
1.059339842147582808e-11
1.074312939375680277e-11
1.089504695445541891e-11
1.104918372519640502e-11
1.120557281511585437e-11
1.136424782761222883e-11
1.152524286758681777e-11
1.168859254857763450e-11
1.185433200016241132e-11
1.202249687515300290e-11
1.219312335703487744e-11
1.236624816763547035e-11
1.254190857466476911e-11
1.272014239941957178e-11
1.290098802461905063e-11
1.308448440251791407e-11
1.327067106227453416e-11
1.345958811883818958e-11
1.365127628046490790e-11
1.384577685752098078e-11
1.404313177032412730e-11
1.424338355795469613e-11
1.444657538680780834e-11
1.465275105904405268e-11
1.486195502141586293e-11
1.507423237411953797e-11
1.528962887961157019e-11
1.550819097191865219e-11
1.572996576530897879e-11
1.595500106383961413e-11
1.618334537049348676e-11
1.641504789661085444e-11
1.665015857145022609e-11
1.688872805139459759e-11
1.713080773025993497e-11
1.737644974839159233e-11
1.762570700286227909e-11
1.787863315743358290e-11
1.813528265228010131e-11
1.839571071447006572e-11
1.865997336766542024e-11
1.892812744306930183e-11
1.920023058919608054e-11
1.947634128254925954e-11
1.975651883806125058e-11
2.004082342014178629e-11
2.032931605245009625e-11
2.062205862946053015e-11
2.091911392715720177e-11
2.122054561358083262e-11
2.152641826003734648e-11
2.183679735228294104e-11
2.215174930142346232e-11
2.247134145514496797e-11
2.279564210897615970e-11
2.312472051755883542e-11
2.345864690610268960e-11
2.379749248167790868e-11
2.414132944450375013e-11
2.449023099991638864e-11
2.484427136941830428e-11
2.520352580257729177e-11
2.556807058856368809e-11
2.593798306759749877e-11
2.631334164300256495e-11
2.669422579242329402e-11
2.708071608006586642e-11
2.747289416786903191e-11
2.787084282766741598e-11
2.827464595280700648e-11
2.868438856940672011e-11
2.910015684906663338e-11
2.952203811940055414e-11
2.995012087664870356e-11
3.038449479665005368e-11
3.082525074691304452e-11
3.127248079786360867e-11
3.172627823447608677e-11
3.218673756765786940e-11
3.265395454559302244e-11
3.312802616539189810e-11
3.360905068351871595e-11
3.409712762779518140e-11
3.459235780759727040e-11
3.509484332532007551e-11
3.560468758699067530e-11
3.612199531267011152e-11
3.664687254715483149e-11
3.717942667015670296e-11
3.771976640646063690e-11
3.826800183587329557e-11
3.882424440316387122e-11
3.938860692720547875e-11
3.996120361058197967e-11
4.054215004863755124e-11
4.113156323808873523e-11
4.172956158587294408e-11
4.233626491682407655e-11
4.295179448265860725e-11
4.357627296840547480e-11
4.420982450038390925e-11
4.485257465319624250e-11
4.550465045579494206e-11
4.616618039789714463e-11
4.683729443606109265e-11
4.751812399822618607e-11
4.820880198933570387e-11
4.890946279493524651e-11
4.962024228599000958e-11
5.034127782115642864e-11
5.107270825013961478e-11
5.181467391594086256e-11
5.256731665632292932e-11
5.333077980474702410e-11
5.410520819056682665e-11
5.489074813894354637e-11
5.568754746970339845e-11
5.649575549519127054e-11
5.731552301813150442e-11
5.814700232792672803e-11
5.899034719645956495e-11
5.984571287311829326e-11
6.071325607865188234e-11
6.159313499822846121e-11
6.248550927379057346e-11
6.339053999467350153e-11
6.430838968790009875e-11
6.523922230718923924e-11
6.618320322059969115e-11
6.714049919737088808e-11
6.811127839313984144e-11
6.909571033442859601e-11
7.009396590111031439e-11
7.110621730865269490e-11
7.213263808785017245e-11
7.317340306336044287e-11
7.422868833186792864e-11
7.529867123686879353e-11
7.638353034377203072e-11
7.748344541175767969e-11
7.859859736514126810e-11
7.972916826251492141e-11
8.087534126403756529e-11
8.203730059695317812e-11
8.321523151990943751e-11
8.440932028383626501e-11
8.561975409249812546e-11
8.684672105953812426e-11
8.809041016477589714e-11
8.935101120726611853e-11
9.062871475633200718e-11
9.192371210104860480e-11
9.323619519631770872e-11
9.456635660696738088e-11
9.591438944997745337e-11
9.728048733291347060e-11
9.866484429098387989e-11
1.000676547203521488e-10
1.014891133098672099e-10
1.029294149685989495e-10
1.043887547517715117e-10
1.058673277832686894e-10
1.073653291744530874e-10
1.088829539412950199e-10
1.104203969169946565e-10
1.119778526624249219e-10
1.135555153724313846e-10
1.151535787794811991e-10
1.167722360534783116e-10
1.184116796983143529e-10
1.200721014443374593e-10
1.217536921382059619e-10
1.234566416279905053e-10
1.251811386450749383e-10
1.269273706818395653e-10
1.286955238664785024e-10
1.304857828321074179e-10
1.322983305834491860e-10
1.341333483587928479e-10
1.359910154873651345e-10
1.378715092433924377e-10
1.397750046955088838e-10
1.417016745512144285e-10
1.436516889980356032e-10
1.456252155399585100e-10
1.476224188282992352e-10
1.496434604898875786e-10
1.516884989493600429e-10
1.537576892470721519e-10
1.558511828527055522e-10
1.579691274742726816e-10
1.601116668617378879e-10
1.622789406065919024e-10
1.644710839365372371e-10
1.666882275050451388e-10
1.689304971764594426e-10
1.711980138067243819e-10
1.734908930183457595e-10
1.758092449713769742e-10
1.781531741291665114e-10
1.805227790198394316e-10
1.829181519929429276e-10
1.853393789704660462e-10
1.877865391949732986e-10
1.902597049715484007e-10
1.927589414059793314e-10
1.952843061384957943e-10
1.978358490725016440e-10
2.004136120995913052e-10
2.030176288202009025e-10
2.056479242598285448e-10
2.083045145816491879e-10
2.109874067946369249e-10
2.136965984585699938e-10
2.164320773853201159e-10
2.191938213360186753e-10
2.219817977156469285e-10
2.247959632642494555e-10
2.276362637452319809e-10
2.305026336307004729e-10
2.333949957850279822e-10
2.363132611447651097e-10
2.392573283986887170e-10
2.422270836638133233e-10
2.452224001614251206e-10
2.482431378913999768e-10
2.512891433055395240e-10
2.543602489812549202e-10
2.574562732934779129e-10
2.605770200884079834e-10
2.637222783562774737e-10
2.668918219065990308e-10
2.700854090431506269e-10
2.733027822422485205e-10
2.765436678319075227e-10
2.798077756744156072e-10
2.830947988523407510e-10
2.864044133569668941e-10
2.897362777822814190e-10
2.930900330221973714e-10
2.964653019754168648e-10
2.998616892524549266e-10
3.032787808926097253e-10
3.067161440856601864e-10
3.101733269019846693e-10
3.136498580307906668e-10
3.171452465270523901e-10
3.206589815684850530e-10
3.241905322215296348e-10
3.277393472197202784e-10
3.313048547528831527e-10
3.348864622676292267e-10
3.384835562833637096e-10
3.420955022192836042e-10
3.457216442377096474e-10
3.493613051021927813e-10
3.530137860511637629e-10
3.566783666884923605e-10
3.603543048927231001e-10
3.640408367425449480e-10
3.677371764631063068e-10
3.714425163918162151e-10
3.751560269633164922e-10
3.788768567192451576e-10
3.826041323355701492e-10
3.863369586774311906e-10
3.900744188740240391e-10
3.938155744205583540e-10
3.975594653037112684e-10
4.013051101538492506e-10
4.050515064231785605e-10
4.087976305922827364e-10
4.125424384032417369e-10
4.162848651215559938e-10
4.200238258290664215e-10
4.237582157436708386e-10
4.274869105712313130e-10
4.312087668888373386e-10
4.349226225569308421e-10
4.386272971659665508e-10
4.423215925135014898e-10
4.460042931139531001e-10
4.496741667415341226e-10
4.533299650062432224e-10
4.569704239632035545e-10
4.605942647544986709e-10
4.642001942860713732e-10
4.677869059364718102e-10
4.713530803005707584e-10
4.748973859658233394e-10
4.784184803221636251e-10
4.819150104043881578e-10
4.853856137682090821e-10
4.888289193977435515e-10
4.922435486456872123e-10
4.956281162034547878e-10
4.989812311047884922e-10
5.023014977564069793e-10
5.055875169998173905e-10
5.088378872008625612e-10
5.120512053685867141e-10
5.152260682964048366e-10
5.183610737348443015e-10
5.214548215825449488e-10
5.245059151050410623e-10
5.275129621718999314e-10
5.304745765158347767e-10
5.333893790109816913e-10
5.362559989669048031e-10
5.390730754393552542e-10
5.418392585531843610e-10
5.445532108402711345e-10
5.472136085853368654e-10
5.498191431787141265e-10
5.523685224794063157e-10
5.548604721782583509e-10
5.572937371651429138e-10
5.596670828954296308e-10
5.619792967538277497e-10
5.642291894146468130e-10
5.664155961927238396e-10
5.685373783873709627e-10
5.705934246135430245e-10
5.725826521180728022e-10
5.745040080804897597e-10
5.763564708954368216e-10
5.781390514297033530e-10
5.798507942615714661e-10
5.814907788879275127e-10
5.830581209061804464e-10
5.845519731632306863e-10
5.859715268717007226e-10
5.873160126902896586e-10
5.885847017655860988e-10
5.897769067331391874e-10
5.908919826765182797e-10
5.919293280409139733e-10
5.928883855013252686e-10
5.937686427787529485e-10
5.945696334102166337e-10
5.952909374612550751e-10
5.959321821889844133e-10
5.964930426441159898e-10
5.969732422202483201e-10
5.973725531413144967e-10
5.976907968895417592e-10
5.979278445739251991e-10
5.980836172321386536e-10
5.981580860747821155e-10
5.981512726602595018e-10
5.980632490084408180e-10
5.978941376481939208e-10
5.976441115994917740e-10
5.973133942883598770e-10
5.969022593986814810e-10
5.964110306559491062e-10
5.958400815472610089e-10
5.951898349746963159e-10
5.944607628448466009e-10
5.936533855953819566e-10
5.927682716566687053e-10
5.918060368528699559e-10
5.907673437407092098e-10
5.896529008897907607e-10
5.884634621030459710e-10
5.871998255822742965e-10
5.858628330359271493e-10
5.844533687356447164e-10
5.829723585186620788e-10
5.814207687435934667e-10
5.797996051957435051e-10
5.781099119478850190e-10
5.763527701784893574e-10
5.745292969485712153e-10
5.726406439395533984e-10
5.706879961553582990e-10
5.686725705919793887e-10
5.665956148756086785e-10
5.644584058706177909e-10
5.622622482657937951e-10
5.600084731350568329e-10
5.576984364782070183e-10
5.553335177456005622e-10
5.529151183465874114e-10
5.504446601479197359e-10
5.479235839617893294e-10
5.453533480276255865e-10
5.427354264899542382e-10
5.400713078764353802e-10
5.373624935760797570e-10
5.346104963222563881e-10
5.318168386829830006e-10
5.289830515589763482e-10
5.261106726944037841e-10
5.232012452011100199e-10
5.202563160997240558e-10
5.172774348778684841e-10
5.142661520697098449e-10
5.112240178586114131e-10
5.081525807021875870e-10
5.050533859857724481e-10
5.019279747029904803e-10
4.987778821654452869e-10
4.956046367442542446e-10
4.924097586446108249e-10
4.891947587130602545e-10
4.859611372797869389e-10
4.827103830398830829e-10
4.794439719679571358e-10
4.761633662740826558e-10
4.728700133970561215e-10
4.695653450380995333e-10
4.662507762340954232e-10
4.629277044722524468e-10
4.595975088466022744e-10
4.562615492534018359e-10
4.529211656321311062e-10
4.495776772442906654e-10
4.462323819961074029e-10
4.428865558041011007e-10
4.395414519992144883e-10
4.361983007745815199e-10
4.328583086735901018e-10
4.295226581197466493e-10
4.261925069835824651e-10
4.228689881941526474e-10
4.195532093846362956e-10
4.162462525803210361e-10
4.129491739225092107e-10
4.096630034294955084e-10
4.063887447943171699e-10
4.031273752175013243e-10
3.998798452759419730e-10
3.966470788218061631e-10
3.934299729189419958e-10
3.902293978066584558e-10
3.870461968969943187e-10
3.838811868004472431e-10
3.807351573806249724e-10
3.776088718375066471e-10
3.745030668146117050e-10
3.714184525353601395e-10
3.683557129602223403e-10
3.653155059693584533e-10
3.622984635674351760e-10
3.593051921078734909e-10
3.563362725395419968e-10
3.533922606704337572e-10
3.504736874502668693e-10
3.475810592699490236e-10
3.447148582759657966e-10
3.418755427014544698e-10
3.390635472085601778e-10
3.362792832459543816e-10
3.335231394168307200e-10
3.307954818580634069e-10
3.280966546289470669e-10
3.254269801108909241e-10
3.227867594120076262e-10
3.201762727821790335e-10
3.175957800323306006e-10
3.150455209610481228e-10
3.125257157846270754e-10
3.100365655725246315e-10
3.075782526856171664e-10
3.051509412162187772e-10
3.027547774327861435e-10
3.003898902226233160e-10
2.980563915376909665e-10
2.957543768405943599e-10
2.934839255481242680e-10
2.912451014762599765e-10
2.890379532823072487e-10
2.868625149055735232e-10
2.847188060052670943e-10
2.826068323960688119e-10
2.805265864799421272e-10
2.784780476751378571e-10
2.764611828396771062e-10
2.744759466923867149e-10
2.725222822277256323e-10
2.706001211267621073e-10
2.687093841617623049e-10
2.668499815965712107e-10
2.650218135805752850e-10
2.632247705365772232e-10
2.614587335432375871e-10
2.597235747100845285e-10
2.580191575483747884e-10
2.563453373319553235e-10
2.547019614546034699e-10
2.530888697786504317e-10
2.515058949776365078e-10
2.499528628710555239e-10
2.484295927536675842e-10
2.469358977154988535e-10
2.454715849566480430e-10
2.440364560940340351e-10
2.426303074608601331e-10
2.412529303990645935e-10
2.399041115452639873e-10
2.385836331082497035e-10
2.372912731400372512e-10
2.360268058004085974e-10
2.347900016128585472e-10
2.335806277153474638e-10
2.323984481021292785e-10
2.312432238605951683e-10
2.301147133998491504e-10
2.290126726731947996e-10
2.279368553938762308e-10
2.268870132438646891e-10
2.258628960765857583e-10
2.248642521130204642e-10
2.238908281311801709e-10
2.229423696499699864e-10
2.220186211063363925e-10
2.211193260266243008e-10
2.202442271921437916e-10
2.193930667985282689e-10
2.185655866096604933e-10
2.177615281063152585e-10
2.169806326282954642e-10
2.162226415122103948e-10
2.154872962238212316e-10
2.147743384842386476e-10
2.140835103929259606e-10
2.134145545439867688e-10
2.127672141384233117e-10
2.121412330919173546e-10
2.115363561374771759e-10
2.109523289245031474e-10
2.103888981117640759e-10
2.098458114584931303e-10
2.093228179093052218e-10
2.088196676763088182e-10
2.083361123166212213e-10
2.078719048065403777e-10
2.074267996116581305e-10
2.070005527536596539e-10
2.065929218737207733e-10
2.062036662919350499e-10
2.058325470640249476e-10
2.054793270345308648e-10
2.051437708873140780e-10
2.048256451925072286e-10
2.045247184510777744e-10
2.042407611361072743e-10
2.039735457319222789e-10
2.037228467699118972e-10
2.034884408624351190e-10
2.032701067339818460e-10
2.030676252496480415e-10
2.028807794423571071e-10
2.027093545361112831e-10
2.025531379692134263e-10
2.024119194138772135e-10
2.022854907943447227e-10
2.021736463030938231e-10
2.020761824154639686e-10
2.019928979021322528e-10
2.019235938397993421e-10
2.018680736209195490e-10
2.018261429613423270e-10
2.017976099059829558e-10
2.017822848341955438e-10
2.017799804629962677e-10
2.017905118488843839e-10
2.018136963887076665e-10
2.018493538195430869e-10
2.018973062164879564e-10
2.019573779904215247e-10
2.020293958838856714e-10
2.021131889664289908e-10
2.022085886289949665e-10
2.023154285766096425e-10
2.024335448213371725e-10
2.025627756737732751e-10
2.027029617335536467e-10
2.028539458796233710e-10
2.030155732593724953e-10
2.031876912772338118e-10
2.033701495826544106e-10
2.035628000578578783e-10
2.037654968038455072e-10
2.039780961268456031e-10
2.042004565248219632e-10
2.044324386717141721e-10
2.046739054026332148e-10
2.049247216982507168e-10
2.051847546687111348e-10
2.054538735369764747e-10
2.057319496227979614e-10
2.060188563246280801e-10
2.063144691028462325e-10
2.066186654624467772e-10
2.069313249343243785e-10
2.072523290575741507e-10
2.075815613611650838e-10
2.079189073455834585e-10
2.082642544634914501e-10
2.086174921015496541e-10
2.089785115608667755e-10
2.093472060384937374e-10
2.097234706074853972e-10
2.101072021983946291e-10
2.104982995788566278e-10
2.108966633350231499e-10
2.113021958518034178e-10
2.117148012930745992e-10
2.121343855821318327e-10
2.125608563826449274e-10
2.129941230784214409e-10
2.134340967540356345e-10
2.138806901756357893e-10
2.143338177709763245e-10
2.147933956100463907e-10
2.152593413856982826e-10
2.157315743943062496e-10
2.162100155161563446e-10
2.166945871969106762e-10
2.171852134275198963e-10
2.176818197256876595e-10
2.181843331168572301e-10
2.186926821151985038e-10
2.192067967048337986e-10
2.197266083211824253e-10
2.202520498322465273e-10
2.207830555206721696e-10
2.213195610646466366e-10
2.218615035203479085e-10
2.224088213035285705e-10
2.229614541715470978e-10
2.235193432059965454e-10
2.240824307948554125e-10
2.246506606144594736e-10
2.252239776128764047e-10
2.258023279923253775e-10
2.263856591923429519e-10
2.269739198725605549e-10
2.275670598963180848e-10
2.281650303136207851e-10
2.287677833455882746e-10
2.293752723669041790e-10
2.299874518909516180e-10
2.306042775530389125e-10
2.312257060953260018e-10
2.318516953504980700e-10
2.324822042267814529e-10
2.331171926928408456e-10
2.337566217621984509e-10
2.344004534786385580e-10
2.350486509013431590e-10
2.357011780904751728e-10
2.363580000926131390e-10
2.370190829262147591e-10
2.376843935684840083e-10
2.383538999401786717e-10
2.390275708931036830e-10
2.397053761956053752e-10
2.403872865198859426e-10
2.410732734282732243e-10
2.417633093604462440e-10
2.424573676205403433e-10
2.431554223641636513e-10
2.438574485862189698e-10
2.445634221083080869e-10
2.452733195665239362e-10
2.459871183994216319e-10
2.467047968361093952e-10
2.474263338845779144e-10
2.481517093202088934e-10
2.488809036737462947e-10
2.496138982213869222e-10
2.503506749719753555e-10
2.510912166575724364e-10
2.518355067218738612e-10
2.525835293097934956e-10
2.533352692568672425e-10
2.540907120791346072e-10
2.548498439631098041e-10
2.556126517551855217e-10
2.563791229526790541e-10
2.571492456929073134e-10
2.579230087448597055e-10
2.587004014991392522e-10
2.594814139588289145e-10
2.602660367299107214e-10
2.610542610132662098e-10
2.618460785948865865e-10
2.626414818373359662e-10
2.634404636718119883e-10
2.642430175891017861e-10
2.650491376312841241e-10
2.658588183838500900e-10
2.666720549674641678e-10
2.674888430301449523e-10
2.683091787395041262e-10
2.691330587749862138e-10
2.699604803204064296e-10
2.707914410568172794e-10
2.716259391547179668e-10
2.724639732673984321e-10
2.733055425233581391e-10
2.741506465204554266e-10
2.749992853173116540e-10
2.758514594287743743e-10
2.767071698178281281e-10
2.775664178896253014e-10
2.784292054855163634e-10
2.792955348760652562e-10
2.801654087559754699e-10
2.810388302368071814e-10
2.819158028425296604e-10
2.827963305022684976e-10
2.836804175460669242e-10
2.845680686981105830e-10
2.854592890723396447e-10
2.863540841660615783e-10
2.872524598552647072e-10
2.881544223897832872e-10
2.890599783868498916e-10
2.899691348282302650e-10
2.908818990535074952e-10
2.917982787562017606e-10
2.927182819790543670e-10
2.936419171090131200e-10
2.945691928733226559e-10
2.955001183345393347e-10
2.964347028865916881e-10
2.973729562504524050e-10
2.983148884701681219e-10
2.992605099083233202e-10
3.002098312425474008e-10
3.011628634614258787e-10
3.021196178609185355e-10
3.030801060399121351e-10
3.040443398975338956e-10
3.050123316293909716e-10
3.059840937231229107e-10
3.069596389562824164e-10
3.079389803923059452e-10
3.089221313775588102e-10
3.099091055375741460e-10
3.108999167747848313e-10
3.118945792649412281e-10
3.128931074540671569e-10
3.138955160563105200e-10
3.149018200499737128e-10
3.159120346757526086e-10
3.169261754334828950e-10
3.179442580800807560e-10
3.189662986260209441e-10
3.199923133341424864e-10
3.210223187159179964e-10
3.220563315300507762e-10
3.230943687798778825e-10
3.241364477110720121e-10
3.251825858093729597e-10
3.262328007988864165e-10
3.272871106392779678e-10
3.283455335246391828e-10
3.294080878813385479e-10
3.304747923655437506e-10
3.315456658620281097e-10
3.326207274823795738e-10
3.336999965629412486e-10
3.347834926634084471e-10
3.358712355652468613e-10
3.369632452699911554e-10
3.380595419976630346e-10
3.391601461860847367e-10
3.402650784884017297e-10
3.413743597721573552e-10
3.424880111186063716e-10
3.436060538206850533e-10
3.447285093818476577e-10
3.458553995155882110e-10
3.469867461436501280e-10
3.481225713954588691e-10
3.492628976070473816e-10
3.504077473194744263e-10
3.515571432787645039e-10
3.527111084348037756e-10
3.538696659400863158e-10
3.550328391494752637e-10
3.562006516191285741e-10
3.573731271058420809e-10
3.585502895667510402e-10
3.597321631582558809e-10
3.609187722357530610e-10
3.621101413526208407e-10
3.633062952607262407e-10
3.645072589087238936e-10
3.657130574428023158e-10
3.669237162054897693e-10
3.681392607356842463e-10
3.693597167683251826e-10
3.705851102339158636e-10
3.718154672588814390e-10
3.730508141644947249e-10
3.742911774676816709e-10
3.755365838801561813e-10
3.767870603087780774e-10
3.780426338551650976e-10
3.793033318162300484e-10
3.805691816834946061e-10
3.818402111438054485e-10
3.831164480790356945e-10
3.843979205662642468e-10
3.856846568779248399e-10
3.869766854821642610e-10
3.882740350430214861e-10
3.895767344204274214e-10
3.908848126709517962e-10
3.921982990475634350e-10
3.935172230003174901e-10
3.948416141766834699e-10
3.961715024221122197e-10
3.975069177801855899e-10
3.988478904931830025e-10
4.001944510025596139e-10
4.015466299494832062e-10
4.029044581758487246e-10
4.042679667238014591e-10
4.056371868373186144e-10
4.070121499625373380e-10
4.083928877482028461e-10
4.097794320467427753e-10
4.111718149146256109e-10
4.125700686135242714e-10
4.139742256106150822e-10
4.153843185798011247e-10
4.168003804019813280e-10
4.182224441666916469e-10
4.196505431726724049e-10
4.210847109281069868e-10
4.225249811525622500e-10
4.239713877777044489e-10
4.254239649473294271e-10
4.268827470198097796e-10
4.283477685682443656e-10
4.298190643815031927e-10
4.312966694661072885e-10
4.327806190461096896e-10
4.342709485652146269e-10
4.357676936875533176e-10
4.372708902989081922e-10
4.387805745077869373e-10
4.402967826471539395e-10
4.418195512746988604e-10
4.433489171752842127e-10
4.448849173613332560e-10
4.464275890747106435e-10
4.479769697878861104e-10
4.495330972049798231e-10
4.510960092637910396e-10
4.526657441366646850e-10
4.542423402322817835e-10
4.558258361967936264e-10
4.574162709156126704e-10
4.590136835149050291e-10
4.606181133628443762e-10
4.622296000714617274e-10
4.638481834977803330e-10
4.654739037460840649e-10
4.671068011692900715e-10
4.687469163698148874e-10
4.703942902025883696e-10
4.720489637757110471e-10
4.737109784526325533e-10
4.753803758536742583e-10
4.770571978578496868e-10
4.787414866047449063e-10
4.804332844960409534e-10
4.821326341978421398e-10
4.838395786416608115e-10
4.855541610275806937e-10
4.872764248246164045e-10
4.890064137739356334e-10
4.907441718897257166e-10
4.924897434620884587e-10
4.942431730583530754e-10
4.960045055255247511e-10
4.977737859918359132e-10
4.995510598689251291e-10
5.013363728543747926e-10
5.031297709334117043e-10
5.049313003805791136e-10
5.067410077628407137e-10
5.085589399408941017e-10
5.103851440716474599e-10
5.122196676106982032e-10
5.140625583140331450e-10
5.159138642409242501e-10
5.177736337551824334e-10
5.196419155286194143e-10
5.215187585424511319e-10
5.234042120902817992e-10
5.252983257796868168e-10
5.272011495356144491e-10
5.291127336019389600e-10
5.310331285443846960e-10
5.329623852523772131e-10
5.349005549423562385e-10
5.368476891598056753e-10
5.388038397815215250e-10
5.407690590184176839e-10
5.427433994185710019e-10
5.447269138690114050e-10
5.467196555987071894e-10
5.487216781811017784e-10
5.507330355369198289e-10
5.527537819371218171e-10
5.547839720047546483e-10
5.568236607183843535e-10
5.588729034148717967e-10
5.609317557917605388e-10
5.630002739101724870e-10
5.650785141982991135e-10
5.671665334531636607e-10
5.692643888444108691e-10
5.713721379168149890e-10
5.734898385930847497e-10
5.756175491772966765e-10
5.777553283574611077e-10
5.799032352088658660e-10
5.820613291967027636e-10
5.842296701794104457e-10
5.864083184118677212e-10
5.885973345483792716e-10
5.907967796456599112e-10
5.930067151663861909e-10
5.952272029818534056e-10
5.974583053757662527e-10
5.997000850475515873e-10
6.019526051147166103e-10
6.042159291172067665e-10
6.064901210206291636e-10
6.087752452184017946e-10
6.110713665371558545e-10
6.133785502382579587e-10
6.156968620225859746e-10
6.180263680336632081e-10
6.203671348604635806e-10
6.227192295420681382e-10
6.250827195701728569e-10
6.274576728937738969e-10
6.298441579220334734e-10
6.322422435280703080e-10
6.346519990529897564e-10
6.370734943091062968e-10
6.395067995841530526e-10
6.419519856447734250e-10
6.444091237406107770e-10
6.468782856077104208e-10
6.493595434731764379e-10
6.518529700581564566e-10
6.543586385824976454e-10
6.568766227688062045e-10
6.594069968453127203e-10
6.619498355513642305e-10
6.645052141410656799e-10
6.670732083865631043e-10
6.696538945837150902e-10
6.722473495546588962e-10
6.748536506533035528e-10
6.774728757689703875e-10
6.801051033305724581e-10
6.827504123117477256e-10
6.854088822343217358e-10
6.880805931728449112e-10
6.907656257594272155e-10
6.934640611882157853e-10
6.961759812196927537e-10
6.989014681847350531e-10
7.016406049905235865e-10
7.043934751234690685e-10
7.071601626558974028e-10
7.099407522484379592e-10
7.127353291568286853e-10
7.155439792351394222e-10
7.183667889419809293e-10
7.212038453442648335e-10
7.240552361224581909e-10
7.269210495755963048e-10
7.298013746269553231e-10
7.326963008273343878e-10
7.356059183614438476e-10
7.385303180530985046e-10
7.414695913697544928e-10
7.444238304283594099e-10
7.473931279994120165e-10
7.503775775137671403e-10
7.533772730665158773e-10
7.563923094238511909e-10
7.594227820271863407e-10
7.624687869993037296e-10
7.655304211494292430e-10
7.686077819795001072e-10
7.717009676887019741e-10
7.748100771800349784e-10
7.779352100659858178e-10
7.810764666734814280e-10
7.842339480503365449e-10
7.874077559709255790e-10
7.905979929421508269e-10
7.938047622089355709e-10
7.970281677607902384e-10
8.002683143377817514e-10
8.035253074360259018e-10
8.067992533146125079e-10
8.100902590012751168e-10
8.133984322986608270e-10
8.167238817908356498e-10
8.200667168495534014e-10
8.234270476403447863e-10
8.268049851295608398e-10
8.302006410901640195e-10
8.336141281093092126e-10
8.370455595934183853e-10
8.404950497764180609e-10
8.439627137254703374e-10
8.474486673480170540e-10
8.509530273990031460e-10
8.544759114867861265e-10
8.580174380811954105e-10
8.615777265198003791e-10
8.651568970153720659e-10
8.687550706626289184e-10
8.723723694455795766e-10
8.760089162454622559e-10
8.796648348464756617e-10
8.833402499446137945e-10
8.870352871544715793e-10
8.907500730164083523e-10
8.944847350053820470e-10
8.982394015365023674e-10
9.020142019745811058e-10
9.058092666409373568e-10
9.096247268211587471e-10
9.134607147736971856e-10
9.173173637367937096e-10
9.211948079371341026e-10
9.250931825982066238e-10
9.290126239468688919e-10
9.329532692239129456e-10
9.369152566899766900e-10
9.408987256358700060e-10
9.449038163893204081e-10
9.489306703244062118e-10
9.529794298699728900e-10
9.570502385179894580e-10
9.611432408325051854e-10
9.652585824580642976e-10
9.693964101287822148e-10
9.735568716769986889e-10
9.777401160430108238e-10
9.819462932828314093e-10
9.861755545779808784e-10
9.904280522453956901e-10
9.947039397454875504e-10
9.990033716916946598e-10
1.003326503860630392e-09
1.007673493200798264e-09
1.012044497842980286e-09
1.016439677108652496e-09
1.020859191521148584e-09
1.025303202814137671e-09
1.029771873942249026e-09
1.034265369091459597e-09
1.038783853687809597e-09
1.043327494408804775e-09
1.047896459193026809e-09
1.052490917250102693e-09
1.057111039072107008e-09
1.061756996443053404e-09
1.066428962449878529e-09
1.071127111492530732e-09
1.075851619295610566e-09
1.080602662918698552e-09
1.085380420766801844e-09
1.090185072601875209e-09
1.095016799553805773e-09
1.099875784131396324e-09
1.104762210233707412e-09
1.109676263161042923e-09
1.114618129626708038e-09
1.119587997768890237e-09
1.124586057161225084e-09
1.129612498825332352e-09
1.134667515242157709e-09
1.139751300364091735e-09
1.144864049626670397e-09
1.150005959960871500e-09
1.155177229805114389e-09
1.160378059117497466e-09
1.165608649388035502e-09
1.170869203651554139e-09
1.176159926499271660e-09
1.181481024092706381e-09
1.186832704175199682e-09
1.192215176085406503e-09
1.197628650769891234e-09
1.203073340796798116e-09
1.208549460367432183e-09
1.214057225331541835e-09
1.219596853198958929e-09
1.225168563153806633e-09
1.230772576067812079e-09
1.236409114513557789e-09
1.242078402779227827e-09
1.247780666881262835e-09
1.253516134579103702e-09
1.259285035388685563e-09
1.265087600596762093e-09
1.270924063275472357e-09
1.276794658295952692e-09
1.282699622343377745e-09
1.288639193931468392e-09
1.294613613417056529e-09
1.300623123014592373e-09
1.306667966811245468e-09
1.312748390782129776e-09
1.318864642804986749e-09
1.325016972675587229e-09
1.331205632122955495e-09
1.337430874825305940e-09
1.343692956424371277e-09
1.349992134542475346e-09
1.356328668797158703e-09
1.362702820817654809e-09
1.369114854261126354e-09
1.375565034827411605e-09
1.382053630277409534e-09
1.388580910447407825e-09
1.395147147266095911e-09
1.401752614772114026e-09
1.408397589129099618e-09
1.415082348643832591e-09
1.421807173782771265e-09
1.428572347188230792e-09
1.435378153696530457e-09
1.442224880355424448e-09
1.449112816440160946e-09
1.456042253472285384e-09
1.463013485236474405e-09
1.470026807798984262e-09
1.477082519524780279e-09
1.484180921095686646e-09
1.491322315529189882e-09
1.498507008195452706e-09
1.505735306836475052e-09
1.513007521584899814e-09
1.520323964981145411e-09
1.527684951994178775e-09
1.535090800038290363e-09
1.542541828993571432e-09
1.550038361224357887e-09
1.557580721598513107e-09
1.565169237507127659e-09
1.572804238883084545e-09
1.580486058221773042e-09
1.588215030600550816e-09
1.595991493697428275e-09
1.603815787813155743e-09
1.611688255889848670e-09
1.619609243531223984e-09
