0.000000000000000000e+00
-8.310994210514034785e+04
-8.218383569675119361e+04
-8.126767594074581575e+04
-8.036136014425563917e+04
-7.946478663774258166e+04
-7.857785476940174703e+04
-7.770046487940551015e+04
-7.683251825284064398e+04
-7.597391721161858004e+04
-7.512456502598481893e+04
-7.428436590664510732e+04
-7.345322505061246920e+04
-7.263104856517873122e+04
-7.181774350171229162e+04
-7.101321784647461027e+04
-7.021738047969799663e+04
-6.943014121109410189e+04
-6.865141073168347066e+04
-6.788110062858219317e+04
-6.711912334612022096e+04
-6.636539226517698262e+04
-6.561982154888132936e+04
-6.488232626860590972e+04
-6.415282233413972426e+04
-6.343122648650113842e+04
-6.271745631271959428e+04
-6.201143020113398234e+04
-6.131306737883985625e+04
-6.062228785632218933e+04
-5.993901247446311754e+04
-5.926316284278022795e+04
-5.859466135866088007e+04
-5.793343120734991680e+04
-5.727939634714732529e+04
-5.663248148419636709e+04
-5.599261207650708093e+04
-5.535971436178416479e+04
-5.473371527388800314e+04
-5.411454252423626895e+04
-5.350212451670586597e+04
-5.289639039932921878e+04
-5.229727001323941658e+04
-5.170469392865578266e+04
-5.111859338532020774e+04
-5.053890034408387874e+04
-4.996554742992357933e+04
-4.939846796784640173e+04
-4.883759593776913971e+04
-4.828286598866194254e+04
-4.773421343546677963e+04
-4.719157424729124614e+04
-4.665488503136701911e+04
-4.612408304370642873e+04
-4.559910617855194141e+04
-4.507989294768243417e+04
-4.456638247625367512e+04
-4.405851454423731047e+04
-4.355622950278490316e+04
-4.305946832489076769e+04
-4.256817257808868453e+04
-4.208228443515810795e+04
-4.160174662686505326e+04
-4.112650249835100112e+04
-4.065649594812360010e+04
-4.019167145966453973e+04
-3.973197406617872912e+04
-3.927734937492774770e+04
-3.882774352876256307e+04
-3.838310324319982465e+04
-3.794337575247642235e+04
-3.750850884425052936e+04
-3.707845082814220950e+04
-3.665315055656602635e+04
-3.623255738584818027e+04
-3.581662120227960986e+04
-3.540529239197239804e+04
-3.499852186292061378e+04
-3.459626101133089833e+04
-3.419846174108819105e+04
-3.380507644024234469e+04
-3.341605798851118016e+04
-3.303135974871831422e+04
-3.265093556110325153e+04
-3.227473973287204717e+04
-3.190272705163166393e+04
-3.153485275725632528e+04
-3.117107255876850104e+04
-3.081134261103379686e+04
-3.045561952573251619e+04
-3.010386035956955675e+04
-2.975602260916996966e+04
-2.941206421148935624e+04
-2.907194353191616756e+04
-2.873561936693952157e+04
-2.840305093766774007e+04
-2.807419788336912825e+04
-2.774902026728355122e+04
-2.742747855009620980e+04
-2.710953361861929443e+04
-2.679514674604362881e+04
-2.648427961713002514e+04
-2.617689431116326887e+04
-2.587295329469969874e+04
-2.557241942672535515e+04
-2.527525594750685195e+04
-2.498142648210480911e+04
-2.469089502849480050e+04
-2.440362595699099984e+04
-2.411958401340571800e+04
-2.383873430282959089e+04
-2.356104229504890463e+04
-2.328647381820937153e+04
-2.301499505483983376e+04
-2.274657254099536294e+04
-2.248117315587848861e+04
-2.221876412835326482e+04
-2.195931302581070850e+04
-2.170278775343638335e+04
-2.144915655009989496e+04
-2.119838798442666302e+04
-2.095045096108153666e+04
-2.070531469473699690e+04
-2.046294873155267487e+04
-2.022332293368691535e+04
-1.998640747719651699e+04
-1.975217284985222068e+04
-1.952058984676895125e+04
-1.929162956889683483e+04
-1.906526342192177253e+04
-1.884146310795817408e+04
-1.862020062651579792e+04
-1.840144827010986410e+04
-1.818517862227920341e+04
-1.797136455382130953e+04
-1.775997922002459018e+04
-1.755099605627033816e+04
-1.734438877964815401e+04
-1.714013138219529719e+04
-1.693819812842972169e+04
-1.673856355452421849e+04
-1.654120246389795648e+04
-1.634608992584191219e+04
-1.615320127096454780e+04
-1.596251209078790453e+04
-1.577399823396725333e+04
-1.558763580291579092e+04
-1.540340115287392291e+04
-1.522127088807226937e+04
-1.504122185995921973e+04
-1.486323116494428359e+04
-1.468727614014355458e+04
-1.451333436471063942e+04
-1.434138365116619752e+04
-1.417140205094636076e+04
-1.400336784452966276e+04
-1.383725954405054108e+04
-1.367305588981952133e+04
-1.351073584522665078e+04
-1.335027859935256492e+04
-1.319166356000405540e+04
-1.303487035525238025e+04
-1.287987882869378700e+04
-1.272666903761625872e+04
-1.257522125181432602e+04
-1.242551595161059049e+04
-1.227753382379374671e+04
-1.213125576073618504e+04
-1.198666285962163420e+04
-1.184373641717525061e+04
-1.170245793129963931e+04
-1.156280909549062744e+04
-1.142477179986187912e+04
-1.128832812736362939e+04
-1.115346035162896260e+04
-1.102015093679904567e+04
-1.088838253358958536e+04
-1.075813797875574892e+04
-1.062940029159325604e+04
-1.050215267484035940e+04
-1.037637851005938319e+04
-1.025206135649129101e+04
-1.012918495000737312e+04
-1.000773320100870296e+04
-9.887690192725389352e+03
-9.769040178509751058e+03
-9.651767580621431989e+03
-9.535856990074578789e+03
-9.421293161560670342e+03
-9.308061015289109491e+03
-9.196145632698893678e+03
-9.085532256093178148e+03
-8.976206286863842251e+03
-8.868153283148754781e+03
-8.761358959002936899e+03
-8.655809182696468270e+03
-8.551489974425643595e+03
-8.448387505723767390e+03
-8.346488097134155396e+03
-8.245778216964319654e+03
-8.146244479919605510e+03
-8.047873645015892180e+03
-7.950652614971008006e+03
-7.854568433875890150e+03
-7.759608286319787112e+03
-7.665759495352317572e+03
-7.573009521704192593e+03
-7.481345961893416643e+03
-7.390756547015066644e+03
-7.301229141107520263e+03
-7.212751740164007970e+03
-7.125312470471863890e+03
-7.038899587315439021e+03
-6.953501473719134992e+03
-6.869106638885846223e+03
-6.785703717145867813e+03
-6.703281466499533053e+03
-6.621828767470497041e+03
-6.541334621697717012e+03
-6.461788150546524776e+03
-6.383178594151221660e+03
-6.305495310198853986e+03
-6.228727772139500303e+03
-6.152865568902479026e+03
-6.077898402490694934e+03
-6.003816088075072003e+03
-5.930608551963851824e+03
-5.858265830575309337e+03
-5.786778069526014406e+03
-5.716135522382219278e+03
-5.646328549211517384e+03
-5.577347616037653097e+03
-5.509183293389744904e+03
-5.441826255059101641e+03
-5.375267277361765082e+03
-5.309497237853074694e+03
-5.244507114216923583e+03
-5.180287983394426192e+03
-5.116831020595484915e+03
-5.054127497755082004e+03
-4.992168783171837276e+03
-4.930946339905497553e+03
-4.870451725427371457e+03
-4.810676589893123491e+03
-4.751612675799173303e+03
-4.693251816515735300e+03
-4.635585935712469109e+03
-4.578607046128846378e+03
-4.522307248845425420e+03
-4.466678732082345959e+03
-4.411713770481977008e+03
-4.357404724252388405e+03
-4.303744038063043263e+03
-4.250724240202070177e+03
-4.198337941843969929e+03
-4.146577835887224865e+03
-4.095436696348752321e+03
-4.044907377383402945e+03
-3.994982812418806134e+03
-3.945656013450819046e+03
-3.896920069866195263e+03
-3.848768148079864204e+03
-3.801193490392479816e+03
-3.754189414244917771e+03
-3.707749311469586246e+03
-3.661866647443506281e+03
-3.616534960372180194e+03
-3.571747860453929206e+03
-3.527499029082257039e+03
-3.483782218230659510e+03
-3.440591249484367381e+03
-3.397920013453835509e+03
-3.355762468967418044e+03
-3.314112642415518167e+03
-3.272964626877414503e+03
-3.232312581570976818e+03
-3.192150731037785590e+03
-3.152473364543533535e+03
-3.113274835191788043e+03
-3.074549559441175916e+03
-3.036292016380469249e+03
-2.998496746897740195e+03
-2.961158353260192143e+03
-2.924271498248840089e+03
-2.887830904640754852e+03
-2.851831354481692415e+03
-2.816267688434076717e+03
-2.781134805312307890e+03
-2.746427661189114133e+03
-2.712141268960631351e+03
-2.678270697743794244e+03
-2.644811072135428731e+03
-2.611757571718677355e+03
-2.579105430477206028e+03
-2.546849936131137838e+03
-2.514986429575223610e+03
-2.483510304392930266e+03
-2.452417006085631783e+03
-2.421702031793255173e+03
-2.391360929440853397e+03
-2.361389297439039183e+03
-2.331782783931144422e+03
-2.302537086368839482e+03
-2.273647950980245696e+03
-2.245111172181155780e+03
-2.216922592100241218e+03
-2.189078099980837578e+03
-2.161573631809119433e+03
-2.134405169657983151e+03
-2.107568741276051696e+03
-2.081060419536602240e+03
-2.054876322011115917e+03
-2.029012610404865882e+03
-2.003465490102985996e+03
-1.978231209732412253e+03
-1.953306060625446662e+03
-1.928686376418770806e+03
-1.904368532514898334e+03
-1.880348945692568577e+03
-1.856624073608210438e+03
-1.833190414395174230e+03
-1.810044506144860406e+03
-1.787182926560044734e+03
-1.764602292443949409e+03
-1.742299259317089991e+03
-1.720270520960619251e+03
-1.698512809030290555e+03
-1.677022892598233284e+03
-1.655797577782421968e+03
-1.634833707313697005e+03
-1.614128160128883792e+03
-1.593677851013823101e+03
-1.573479730128222627e+03
-1.553530782705011688e+03
-1.533828028604928932e+03
-1.514368521949906608e+03
-1.495149350748469715e+03
-1.476167636521582608e+03
-1.457420533926271901e+03
-1.438905230396641628e+03
-1.420618945765375202e+03
-1.402558931928854008e+03
-1.384722472479550561e+03
-1.367106882341949358e+03
-1.349709507454887444e+03
-1.332527724397519023e+03
-1.315558940066778860e+03
-1.298800591335780837e+03
-1.282250144730198599e+03
-1.265905096076585778e+03
-1.249762970200009022e+03
-1.233821320583702573e+03
-1.218077729065286576e+03
-1.202529805512954226e+03
-1.187175187501728715e+03
-1.172011540037125542e+03
-1.157036555212593157e+03
-1.142247951929409055e+03
-1.127643475598261830e+03
-1.113220897827345652e+03
-1.098978016143481682e+03
-1.084912653697713722e+03
-1.071022658984352347e+03
-1.057305905543373001e+03
-1.043760291696357399e+03
-1.030383740260441300e+03
-1.017174198271879618e+03
-1.004129636722607529e+03
-9.912480502886336353e+02
-9.785274570573502615e+02
-9.659658982721247185e+02
-9.535614380788391600e+02
-9.413121632493640618e+02
-9.292161829418338357e+02
-9.172716284516312726e+02
-9.054766529474615027e+02
-8.938294312430101627e+02
-8.823281595393964380e+02
-8.709710551893582533e+02
-8.597563564628991344e+02
-8.486823223020569458e+02
-8.377472321023142285e+02
-8.269493854656432177e+02
-8.162871019801527837e+02
-8.057587210011654406e+02
-7.953626014145021372e+02
-7.850971214252573418e+02
-7.749606783340889251e+02
-7.649516883289519456e+02
-7.550685862618407782e+02
-7.453098254459330292e+02
-7.356738774382456540e+02
-7.261592318416479657e+02
-7.167643960938997907e+02
-7.074878952697641807e+02
-6.983282718794547463e+02
-6.892840856678461705e+02
-6.803539134259892762e+02
-6.715363487902498036e+02
-6.628300020552294427e+02
-6.542334999845514858e+02
-6.457454856233865712e+02
-6.373646181107219491e+02
-6.290895724993337126e+02
-6.209190395757549368e+02
-6.128517256772134942e+02
-6.048863525192988391e+02
-5.970216570160831679e+02
-5.892563911123302205e+02
-5.815893216088807094e+02
-5.740192299933769391e+02
-5.665449122747860429e+02
-5.591651788161942704e+02
-5.518788541718405440e+02
-5.446847769256883112e+02
-5.375817995300543544e+02
-5.305687881502817618e+02
-5.236446225042250262e+02
-5.168081957100193904e+02
-5.100584141328888563e+02
-5.033941972355504504e+02
-4.968144774223661670e+02
-4.903181999010765253e+02
-4.839043225271116739e+02
-4.775718156675143860e+02
-4.713196620495027105e+02
-4.651468566271029204e+02
-4.590524064353258495e+02
-4.530353304567375403e+02
-4.470946594808769419e+02
-4.412294359728994095e+02
-4.354387139365781536e+02
-4.297215587853029319e+02
-4.240770472101361861e+02
-4.185042670517511283e+02
-4.130023171712379053e+02
-4.075703073259042526e+02
-4.022073580438205340e+02
-3.969126005014504130e+02
-3.916851764004088636e+02
-3.865242378487399151e+02
-3.814289472419889648e+02
-3.763984771427326450e+02
-3.714320101689268085e+02
-3.665287388746971260e+02
-3.616878656407982930e+02
-3.569086025585651782e+02
-3.521901713219607473e+02
-3.475318031160085184e+02
-3.429327385098148966e+02
-3.383922273485174514e+02
-3.339095286476148203e+02
-3.294839104892780028e+02
-3.251146499169553294e+02
-3.208010328356153877e+02
-3.165423539089284191e+02
-3.123379164603524600e+02
-3.081870323739657351e+02
-3.040890219980379356e+02
-3.000432140474243852e+02
-2.960489455090992124e+02
-2.921055615477961283e+02
-2.882124154136120069e+02
-2.843688683497099987e+02
-2.805742895012267581e+02
-2.768280558263056150e+02
-2.731295520072408181e+02
-2.694781703626198350e+02
-2.658733107609028821e+02
-2.623143805349666309e+02
-2.588007943981561425e+02
-2.553319743595722855e+02
-2.519073496423477820e+02
-2.485263566026950457e+02
-2.451884386480018350e+02
-2.418930461583552471e+02
-2.386396364072255949e+02
-2.354276734841950827e+02
-2.322566282176565835e+02
-2.291259780998141480e+02
-2.260352072106118442e+02
-2.229838061444642108e+02
-2.199712719363959366e+02
-2.169971079907213038e+02
-2.140608240081469660e+02
-2.111619359161267369e+02
-2.082999657987633100e+02
-2.054744418275041937e+02
-2.026848981938908878e+02
-1.999308750408168009e+02
-1.972119183966331093e+02
-1.945275801095687029e+02
-1.918774177819414035e+02
-1.892609947066625011e+02
-1.866778798027711446e+02
-1.841276475531269909e+02
-1.816098779422173948e+02
-1.791241563942812149e+02
-1.766700737132401287e+02
-1.742472260218883093e+02
-1.718552147032795858e+02
-1.694936463411701482e+02
-1.671621326622785375e+02
-1.648602904789919421e+02
-1.625877416322912552e+02
-1.603441129353128076e+02
-1.581290361183018263e+02
-1.559421477728216701e+02
-1.537830892976947723e+02
-1.516515068450763692e+02
-1.495470512670013079e+02
-1.474693780622543215e+02
-1.454181473246318603e+02
-1.433930236905422078e+02
-1.413936762881737081e+02
-1.394197786862916928e+02
-1.374710088440851337e+02
-1.355470490614389121e+02
-1.336475859291614654e+02
-1.317723102800931656e+02
-1.299209171407538577e+02
-1.280931056830560522e+02
-1.262885791765236405e+02
-1.245070449410056170e+02
-1.227482142995951477e+02
-1.210118025322517070e+02
-1.192975288293789617e+02
-1.176051162458892492e+02
-1.159342916557654775e+02
-1.142847857068198465e+02
-1.126563327757304762e+02
-1.110486709233155835e+02
-1.094615418503157258e+02
-1.078946908532465159e+02
-1.063478667807246012e+02
-1.048208219897771869e+02
-1.033133123027130722e+02
-1.018250969639729533e+02
-1.003559385972513383e+02
-9.890560316299288957e+01
-9.747385991611078282e+01
-9.606048136346043975e+01
-9.466524322221791010e+01
-9.328792437779013369e+01
-9.192830684236407990e+01
-9.058617571331718921e+01
-8.926131913200762824e+01
-8.795352824255215296e+01
-8.666259715095762317e+01
-8.538832288409730609e+01
-8.413050534914806633e+01
-8.288894729296588082e+01
-8.166345426169505117e+01
-8.045383456041635384e+01
-7.925989921292504903e+01
-7.808146192172834787e+01
-7.691833902807390189e+01
-7.577034947227249972e+01
-7.463731475364632217e+01
-7.351905889142926753e+01
-7.241540838476565511e+01
-7.132619217389979838e+01
-7.025124160057525557e+01
-6.919039036905908802e+01
-6.814347450718112498e+01
-6.711033232761377576e+01
-6.609080438888913989e+01
-6.508473345714061509e+01
-6.409196446755537124e+01
-6.311234448598547431e+01
-6.214572267120230720e+01
-6.119195023661577437e+01
-6.025088041272336881e+01
-5.932236840949023815e+01
-5.840627137896122889e+01
-5.750244837814656762e+01
-5.661076033206386882e+01
-5.573106999699532338e+01
-5.486324192404977396e+01
-5.400714242287800460e+01
-5.316263952585893549e+01
-5.232960295220766511e+01
-5.150790407280846495e+01
-5.069741587501874847e+01
-4.989801292792473220e+01
-4.910957134803579294e+01
-4.833196876508164053e+01
-4.756508428840110980e+01
-4.680879847370834312e+01
-4.606299329001353726e+01
-4.532755208734450747e+01
-4.460235956456988049e+01
-4.388730173785107525e+01
-4.318226590953150179e+01
-4.248714063747086556e+01
-4.180181570492212018e+01
-4.112618209086675591e+01
-4.046013194099713672e+01
-3.980355853911418507e+01
-3.915635627920104156e+01
-3.851842063799669091e+01
-3.788964814815307847e+01
-3.726993637211614185e+01
-3.665918387653693600e+01
-3.605729020724677270e+01
-3.546415586508739892e+01
-3.487968228217503963e+01
-3.430377179903610596e+01
-3.373632764217150282e+01
-3.317725390264918417e+01
-3.262645551504412822e+01
-3.208383823733674944e+01
-3.154930863139755814e+01
-3.102277404423256257e+01
-3.050414258993740191e+01
-2.999332313239811043e+01
-2.949022526867133465e+01
-2.899475931314227850e+01
-2.850683628241988288e+01
-2.802636788093154863e+01
-2.755326648721932870e+01
-2.708744514102681578e+01
-2.662881753109121163e+01
-2.617729798359447102e+01
-2.573280145139957753e+01
-2.529524350395374910e+01
-2.486454031784558083e+01
-2.444060866815157951e+01
-2.402336592030552964e+01
-2.361273002282129241e+01
-2.320861950043405741e+01
-2.281095344810566772e+01
-2.241965152545204987e+01
-2.203463395194783914e+01
-2.165582150256432925e+01
-2.128313550406144117e+01
-2.091649783186043265e+01
-2.055583090735308005e+01
-2.020105769580287358e+01
-1.985210170469690993e+01
-1.950888698259989695e+01
-1.917133811842323610e+01
-1.883938024117838239e+01
-1.851293902005929937e+01
-1.819194066497493623e+01
-1.787631192740458275e+01
-1.756598010162425538e+01
-1.726087302620062047e+01
-1.696091908580974916e+01
-1.666604721333460049e+01
-1.637618689216698442e+01
-1.609126815875290006e+01
-1.581122160535137233e+01
-1.553597838292739475e+01
-1.526547020422866652e+01
-1.499962934698939954e+01
-1.473838865724099101e+01
-1.448168155267087975e+01
-1.422944202610195852e+01
-1.398160464900678335e+01
-1.373810457499426185e+01
-1.349887754334598000e+01
-1.326385988255256798e+01
-1.303298851376905532e+01
-1.280620095423924987e+01
-1.258343532067473269e+01
-1.236463033251146548e+01
-1.214972531509448928e+01
-1.193866020274995599e+01
-1.173137554169922758e+01
-1.152781249287079390e+01
-1.132791283453721398e+01
-1.113161896477805790e+01
-1.093887390379769897e+01
-1.074962129604092276e+01
-1.056380541208930168e+01
-1.038137115043266867e+01
-1.020226403892501033e+01
-1.002643023612711026e+01
-9.853816532352963620e+00
-9.684370350528322291e+00
-9.518039746818161007e+00
-9.354773411003337813e+00
-9.194520666631468941e+00
-9.037231470926995414e+00
-8.882856414483498497e+00
-8.731346720671524508e+00
-8.582654244851667613e+00
-8.436731473316047669e+00
-8.293531522026588831e+00
-8.153008135074715668e+00
-8.015115682945939568e+00
-7.879809160538111534e+00
-7.747044184949683832e+00
-7.616776993055901279e+00
-7.488964438852518946e+00
-7.363563990599734765e+00
-7.240533727741770065e+00
-7.119832337649488530e+00
-7.001419112123942412e+00
-6.885253943750237582e+00
-6.771297322033762001e+00
-6.659510329382393401e+00
-6.549854636879740788e+00
-6.442292499948023554e+00
-6.336786753786719295e+00
-6.233300808712427532e+00
-6.131798645317807939e+00
-6.032244809519288431e+00
-5.934604407449091568e+00
-5.838843100239881068e+00
-5.744927098696190448e+00
-5.652823157827795875e+00
-5.562498571326183416e+00
-5.473921165900740959e+00
-5.387059295563425110e+00
-5.301881835803317067e+00
-5.218358177716091006e+00
-5.136458222031419218e+00
-5.056152373113825149e+00
-4.977411532893102120e+00
-4.900207094736378721e+00
-4.824510937307532998e+00
-4.750295418365754863e+00
-4.677533368539892322e+00
-4.606198085096319339e+00
-4.536263325660881307e+00
-4.467703301956198914e+00
-4.400492673506959385e+00
-4.334606541367096888e+00
-4.270020441827862001e+00
-4.206710340147430394e+00
-4.144652624288540643e+00
-4.083824098669120772e+00
-4.024201977939728891e+00
-3.965763880777294581e+00
-3.908487823721505272e+00
-3.852352215015176551e+00
-3.797335848521184332e+00
-3.743417897628927626e+00
-3.690577909248930588e+00
-3.638795797815784550e+00
-3.588051839359322148e+00
-3.538326665612075317e+00
-3.489601258181386889e+00
-3.441856942763888316e+00
-3.395075383420157245e+00
-3.349238576912999754e+00
-3.304328847087000476e+00
-3.260328839336635642e+00
-3.217221515113432240e+00
-3.174990146508622324e+00
-3.133618310893024894e+00
-3.093089885637726688e+00
-3.053389042879123938e+00
-3.014500244376248528e+00
-2.976408236413099484e+00
-2.939098044793566178e+00
-2.902554969882643388e+00
-2.866764581739721596e+00
-2.831712715300636951e+00
-2.797385465647600267e+00
-2.763769183342072111e+00
-2.730850469826828775e+00
-2.698616172902312815e+00
-2.667053382269930939e+00
-2.636149425153054171e+00
-2.605891861975304202e+00
-2.576268482120601444e+00
-2.547267299757121073e+00
-2.518876549733371384e+00
-2.491084683532841293e+00
-2.463880365312791643e+00
-2.437252468002422567e+00
-2.411190069459669516e+00
-2.385682448710066517e+00
-2.360719082242324074e+00
-2.336289640366411735e+00
-2.312383983644630714e+00
-2.288992159380839997e+00
-2.266104398173727219e+00
-2.243711110522486951e+00
-2.221802883520207050e+00
-2.200370477575124717e+00
-2.179404823214716735e+00
-2.158897017935813345e+00
-2.138838323125572316e+00
-2.119220161021297955e+00
-2.100034111746761134e+00
-2.081271910385271706e+00
-2.062925444124717345e+00
-2.044986749438824969e+00
-2.027448009338417734e+00
-2.010301550659103764e+00
-1.993539841410821856e+00
-1.977155488175587950e+00
-1.961141233550788066e+00
-1.945489953637928204e+00
-1.930194655596300768e+00
-1.915248475220680424e+00
-1.900644674579574644e+00
-1.886376639694635093e+00
-1.872437878263158106e+00
-1.858822017427089968e+00
-1.845522801581300554e+00
-1.832534090225807821e+00
-1.819849855855727894e+00
-1.807464181898956745e+00
-1.795371260684568204e+00
-1.783565391456768401e+00
-1.772040978419746393e+00
-1.760792528828394099e+00
-1.749814651110241703e+00
-1.739102053019243810e+00
-1.728649539838203797e+00
-1.718452012597377010e+00
-1.708504466343300887e+00
-1.698801988429857968e+00
-1.689339756845472218e+00
-1.680113038574092998e+00
-1.671117187981539187e+00
-1.662347645240931815e+00
-1.653799934777360203e+00
-1.645469663750340761e+00
-1.637352520560191094e+00
-1.629444273387788300e+00
-1.621740768751270378e+00
-1.614237930103374241e+00
-1.606931756444637927e+00
-1.599818320967257623e+00
-1.592893769723390252e+00
-1.586154320314548061e+00
-1.579596260613779668e+00
-1.573215947502956125e+00
-1.567009805640596998e+00
-1.560974326244563892e+00
-1.555106065904271029e+00
-1.549401645411438544e+00
-1.543857748613980174e+00
-1.538471121289429977e+00
-1.533238570035770909e+00
-1.528156961194392149e+00
-1.523223219777533055e+00
-1.518434328426092161e+00
-1.513787326381489828e+00
-1.509279308477395221e+00
-1.504907424148405726e+00
-1.500668876462758705e+00
-1.496560921162883417e+00
-1.492580865728945883e+00
-1.488726068459437224e+00
-1.484993937570188827e+00
-1.481381930300016858e+00
-1.477887552044505837e+00
-1.474508355497763601e+00
-1.471241939811580135e+00
-1.468085949769275755e+00
-1.465038074975530735e+00
-1.462096049056518909e+00
-1.459257648883566238e+00
-1.456520693796334864e+00
-1.453883044853452100e+00
-1.451342604089234323e+00
-1.448897313780729057e+00
-1.446545155738419242e+00
-1.444284150599011385e+00
-1.442112357132274036e+00
-1.440027871567083118e+00
-1.438028826920846548e+00
-1.436113392343990380e+00
-1.434279772478532999e+00
-1.432526206821875148e+00
-1.430850969107576365e+00
-1.429252366693420928e+00
-1.427728739961190874e+00
-1.426278461726254276e+00
-1.424899936658276189e+00
-1.423591600713227656e+00
-1.422351920569113526e+00
-1.421179393081828612e+00
-1.420072544738407050e+00
-1.419029931131142064e+00
-1.418050136430317298e+00
-1.417131772876908391e+00
-1.416273480272883800e+00
-1.415473925488371254e+00
-1.414731801974064451e+00
-1.414045829281287192e+00
-1.413414752594904789e+00
-1.412837342266839658e+00
-1.412312393362936014e+00
-1.411838725217619439e+00
-1.411415180992481977e+00
-1.411040627247648116e+00
-1.410713953514990182e+00
-1.410434071882656459e+00
-1.410199916582457913e+00
-1.410010443593484153e+00
-1.409864630239003880e+00
-1.409761474802379233e+00
-1.409699996142271594e+00
-1.409679233317897573e+00
-1.409698245216246315e+00
-1.409756110196243695e+00
-1.409851925723519139e+00
-1.409984808024344671e+00
-1.410153891739507337e+00
-1.410358329586182569e+00
-1.410597292022838012e+00
-1.410869966924159113e+00
-1.411175559256958145e+00
-1.411513290766611695e+00
-1.411882399661120724e+00
-1.412282140312204337e+00
-1.412711782948166128e+00
-1.413170613366206307e+00
-1.413657932633837433e+00
-1.414173056809661988e+00
-1.414715316659961530e+00
-1.415284057386149597e+00
-1.415878638351115049e+00
-1.416498432814495390e+00
-1.417142827670454963e+00
-1.417811223191158154e+00
-1.418503032775380923e+00
-1.419217682695484095e+00
-1.419954611861397042e+00
-1.420713271571325986e+00
-1.421493125285112402e+00
-1.422293648385853038e+00
-1.423114327956324532e+00
-1.423954662553262862e+00
-1.424814161989354844e+00
-1.425692347115213199e+00
-1.426588749608338924e+00
-1.427502911765284210e+00
-1.428434386295473812e+00
-1.429382736119409802e+00
-1.430347534174095436e+00
-1.431328363213557386e+00
-1.432324815623411851e+00
-1.433336493227504782e+00
-1.434363007109021204e+00
-1.435403977426288558e+00
-1.436459033233675298e+00
-1.437527812311242492e+00
-1.438609960987966563e+00
-1.439705133975964557e+00
-1.440812994203810371e+00
-1.441933212654071594e+00
-1.443065468203970747e+00
-1.444209447466809682e+00
-1.445364844637137436e+00
-1.446531361342471067e+00
-1.447708706490667740e+00
-1.448896596125718972e+00
-1.450094753284286275e+00
-1.451302907853126323e+00
-1.452520796431604033e+00
-1.453748162195215743e+00
-1.454984754762351784e+00
-1.456230330063040812e+00
-1.457484650209497579e+00
-1.458747483371190423e+00
-1.460018603646257906e+00
-1.461297790945716768e+00
-1.462584830870822028e+00
-1.463879514591752473e+00
-1.465181638738239034e+00
-1.466491005283150795e+00
-1.467807421431255532e+00
-1.469130699509164417e+00
-1.470460656860542947e+00
-1.471797115739204687e+00
-1.473139903204511825e+00
-1.474488851021806601e+00
-1.475843795564358407e+00
-1.477204577709978262e+00
-1.478571042751650744e+00
-1.479943040298191903e+00
-1.481320424186016727e+00
-1.482703052384453102e+00
-1.484090786909573412e+00
-1.485483493736738048e+00
-1.486881042712905998e+00
-1.488283307474992601e+00
-1.489690165366748476e+00
-1.491101497353879424e+00
-1.492517187952711044e+00
-1.493937125145304856e+00
-1.495361200305617144e+00
-1.496789308124949036e+00
-1.498221346535884013e+00
-1.499657216645313929e+00
-1.501096822659219399e+00
-1.502540071812924927e+00
-1.503986874306942001e+00
-1.505437143237478015e+00
-1.506890794531225763e+00
-1.508347746882734208e+00
-1.509807921689074517e+00
-1.511271242988366126e+00
-1.512737637405004554e+00
-1.514207034081595848e+00
-1.515679364626372205e+00
-1.517154563053698446e+00
-1.518632565732938478e+00
-1.520113311327103478e+00
-1.521596740742551912e+00
-1.523082797078086470e+00
-1.524571425569242189e+00
-1.526062573542398049e+00
-1.527556190362309607e+00
-1.529052227383160156e+00
-1.530550637904150912e+00
-1.532051377119653335e+00
-1.533554402076684697e+00
-1.535059671626794797e+00
-1.536567146385546367e+00
-1.538076788687332774e+00
-1.539588562546636119e+00
-1.541102433610972655e+00
-1.542618369128984090e+00
-1.544136337902990430e+00
-1.545656310255137944e+00
-1.547178257989168859e+00
-1.548702154351386584e+00
-1.550227973995492059e+00
-1.551755692950204102e+00
-1.553285288578322154e+00
-1.554816739548237514e+00
-1.556350025797795578e+00
-1.557885128504348904e+00
-1.559422030049163688e+00
-1.560960713990539039e+00
-1.562501165029152261e+00
-1.564043368982100279e+00
-1.565587312751120175e+00
-1.567132984296305764e+00
-1.568680372605095519e+00
-1.570229467669079115e+00
-1.571780260452962041e+00
-1.573332742872213919e+00
-1.574886907765087551e+00
-1.576442748869888666e+00
-1.578000260799140353e+00
-1.579559439014155853e+00
-1.581120279806675466e+00
-1.582682780272027800e+00
-1.584246938286604456e+00
-1.585812752489029531e+00
-1.587380222259054730e+00
-1.588949347691836378e+00
-1.590520129583745002e+00
-1.592092569410629821e+00
-1.593666669304456107e+00
-1.595242432042534464e+00
-1.596819861021415932e+00
-1.598398960243782918e+00
-1.599979734298418999e+00
-1.601562188344328064e+00
-1.603146328094022799e+00
-1.604732159796580682e+00
-1.606319690221421181e+00
-1.607908926645035264e+00
-1.609499876833407450e+00
-1.611092549027802523e+00
-1.612686951932774893e+00
-1.614283094697810172e+00
-1.615880986907004546e+00
-1.617480638565415907e+00
-1.619082060084858332e+00
-1.620685262272175464e+00
-1.622290256315992218e+00
-1.623897053777269006e+00
-1.625505666573432428e+00
-1.627116106970265097e+00
-1.628728387570751224e+00
-1.630342521303359549e+00
-1.631958521409240692e+00
-1.633576401438143977e+00
-1.635196175231760751e+00
-1.636817856919021485e+00
-1.638441460903950597e+00
-1.640067001857637541e+00
-1.641694494708688223e+00
-1.643323954636291440e+00
-1.644955397058976754e+00
-1.646588837629434865e+00
-1.648224292225011878e+00
-1.649861776939635760e+00
-1.651501308077118368e+00
-1.653142902145807502e+00
-1.654786575847179586e+00
-1.656432346072339357e+00
-1.658080229895035451e+00
-1.659730244564741053e+00
-1.661382407501221348e+00
-1.663036736285915307e+00
-1.664693248660734648e+00
-1.666351962517487850e+00
-1.668012895896245684e+00
-1.669676066978461826e+00
-1.671341494081436618e+00
-1.673009195654725501e+00
-1.674679190275307095e+00
-1.676351496639748806e+00
-1.678026133565906131e+00
-1.679703119982753678e+00
-1.681382474929851600e+00
-1.683064217551545783e+00
-1.684748367095073807e+00
-1.686434942903831447e+00
-1.688123964417389766e+00
-1.689815451165174398e+00
-1.691509422765652637e+00
-1.693205898920052244e+00
-1.694904899413543609e+00
-1.696606444108383016e+00
-1.698310552943503637e+00
-1.700017245931383592e+00
-1.701726543154200355e+00
-1.703438464763791238e+00
-1.705153030977927697e+00
-1.706870262077718081e+00
-1.708590178407060067e+00
-1.710312800368587904e+00
-1.712038148423842499e+00
-1.713766243089583474e+00
-1.715497104938071393e+00
-1.717230754593962239e+00
-1.718967212733736538e+00
-1.720706500082954449e+00
-1.722448637416252426e+00
-1.724193645556833410e+00
-1.725941545372050578e+00
-1.727692357776191789e+00
-1.729446103726746342e+00
-1.731202804225139502e+00
-1.732962480315097586e+00
-1.734725153081463356e+00
-1.736490843650401628e+00
-1.738259573188523754e+00
-1.740031362902916046e+00
-1.741806234038264956e+00
-1.743584207879271153e+00
-1.745365305749571938e+00
-1.747149549009146208e+00
-1.748936959058349672e+00
-1.750727557334354145e+00
-1.752521365310782508e+00
-1.754318404500371464e+00
-1.756118696454179950e+00
-1.757922262757958265e+00
-1.759729125038098418e+00
-1.761539304957250307e+00
-1.763352824217371273e+00
-1.765169704557759456e+00
-1.766989967756237068e+00
-1.768813635630253955e+00
-1.770640730036626476e+00
-1.772471272871467773e+00
-1.774305286071077736e+00
-1.776142791613110949e+00
-1.777983811515505330e+00
-1.779828367839660475e+00
-1.781676482687532870e+00
-1.783528178206575721e+00
-1.785383476585447493e+00
-1.787242400059288805e+00
-1.789104970909046743e+00
-1.790971211459591927e+00
-1.792841144085028482e+00
-1.794714791206918125e+00
-1.796592175294536631e+00
-1.798473318868172077e+00
-1.800358244498093674e+00
-1.802246974806781310e+00
-1.804139532468651552e+00
-1.806035940213350788e+00
-1.807936220823681550e+00
-1.809840397139629520e+00
-1.811748492057356552e+00
-1.813660528532577088e+00
-1.815576529578924347e+00
-1.817496518271731532e+00
-1.819420517747037280e+00
-1.821348551205538069e+00
-1.823280641910874023e+00
-1.825216813193352383e+00
-1.827157088449465894e+00
-1.829101491144254910e+00
-1.831050044813081978e+00
-1.833002773060989465e+00
-1.834959699567314972e+00
-1.836920848083007929e+00
-1.838886242435620488e+00
-1.840855906529847541e+00
-1.842829864347011570e+00
-1.844808139949737358e+00
-1.846790757480206491e+00
-1.848777741164775890e+00
-1.850769115313322999e+00
-1.852764904321623440e+00
-1.854765132672079320e+00
-1.856769824937539504e+00
-1.858779005779904514e+00
-1.860792699953621954e+00
-1.862810932307421119e+00
-1.864833727784898532e+00
-1.866861111425827779e+00
-1.868893108371794343e+00
-1.870929743860721306e+00
-1.872971043235765132e+00
-1.875017031941971890e+00
-1.877067735531296577e+00
-1.879123179661851273e+00
-1.881183390101234698e+00
-1.883248392728609222e+00
-1.885318213534330045e+00
-1.887392878623422643e+00
-1.889472414218300589e+00
-1.891556846657796775e+00
-1.893646202401736200e+00
-1.895740508030577809e+00
-1.897839790248791125e+00
-1.899944075886233597e+00
-1.902053391900139223e+00
-1.904167765376164612e+00
-1.906287223532551423e+00
-1.908411793718043148e+00
-1.910541503418579090e+00
-1.912676380255247999e+00
-1.914816451989039381e+00
-1.916961746521071097e+00
-1.919112291895766376e+00
-1.921268116301484197e+00
-1.923429248072818121e+00
-1.925595715694520482e+00
-1.927767547800980363e+00
-1.929944773179810058e+00
-1.932127420772892457e+00
-1.934315519679512096e+00
-1.936509099157248004e+00
-1.938708188625824835e+00
-1.940912817666401891e+00
-1.943123016026514716e+00
-1.945338813620618890e+00
-1.947560240533770193e+00
-1.949787327020078509e+00
-1.952020103510255566e+00
-1.954258600609034113e+00
-1.956502849099360342e+00
-1.958752879946307868e+00
-1.961008724294792227e+00
-1.963270413477657517e+00
-1.965537979012023984e+00
-1.967811452605433331e+00
-1.970090866157398146e+00
-1.972376251759668797e+00
-1.974667641702575915e+00
-1.976965068472387177e+00
-1.979268564757965754e+00
-1.981578163450184338e+00
-1.983893897646324955e+00
-1.986215800650350971e+00
-1.988543905977785631e+00
-1.990878247355970077e+00
-1.993218858727068277e+00
-1.995565774251661706e+00
-1.997919028309558920e+00
-2.000278655503696434e+00
-2.002644690660919657e+00
-2.005017168836860542e+00
-2.007396125315214164e+00
-2.009781595614537952e+00
-2.012173615485883360e+00
-2.014572220920519907e+00
-2.016977448148051355e+00
-2.019389333642287454e+00
-2.021807914120330452e+00
-2.024233226550339992e+00
-2.026665308148488887e+00
-2.029104196387300441e+00
-2.031549928992617549e+00
-2.034002543951541231e+00
-2.036462079511617507e+00
-2.038928574184885267e+00
-2.041402066750706457e+00
-2.043882596258633999e+00
-2.046370202032458341e+00
-2.048864923668935134e+00
-2.051366801045560351e+00
-2.053875874321606787e+00
-2.056392183938782647e+00
-2.058915770628330755e+00
-2.061446675410532503e+00
-2.063984939600491675e+00
-2.066530604809454275e+00
-2.069083712945755327e+00
-2.071644306223638932e+00
-2.074212427160741168e+00
-2.076788118585298992e+00
-2.079371423635605343e+00
-2.081962385766212620e+00
-2.084561048750064760e+00
-2.087167456680989908e+00
-2.089781653978799003e+00
-2.092403685390047396e+00
-2.095033595993517128e+00
-2.097671431202418280e+00
-2.100317236768431073e+00
-2.102971058784600888e+00
-2.105632943688847014e+00
-2.108302938269002613e+00
-2.110981089661846166e+00
-2.113667445362453545e+00
-2.116362053224337902e+00
-2.119064961461833985e+00
-2.121776218658351087e+00
-2.124495873765025244e+00
-2.127223976107576409e+00
-2.129960575389672428e+00
-2.132705721694629464e+00
-2.135459465492030695e+00
-2.138221857639034162e+00
-2.140992949386755662e+00
-2.143772792381517966e+00
-2.146561438671390043e+00
-2.149358940707805310e+00
-2.152165351350868949e+00
-2.154980723873431092e+00
-2.157805111965716449e+00
-2.160638569737765469e+00
-2.163481151724006679e+00
-2.166332912889618267e+00
-2.169193908632354173e+00
-2.172064194787029390e+00
-2.174943827631935722e+00
-2.177832863890749593e+00
-2.180731360738033864e+00
-2.183639375803924310e+00
-2.186556967179506206e+00
-2.189484193418559155e+00
-2.192421113544333000e+00
-2.195367787054169906e+00
-2.198324273923593086e+00
-2.201290634611638986e+00
-2.204266930064322949e+00
-2.207253221721585668e+00
-2.210249571520259249e+00
-2.213256041899977600e+00
-2.216272695807906867e+00
-2.219299596704921829e+00
-2.222336808567729083e+00
-2.225384395897057388e+00
-2.228442423721377352e+00
-2.231510957603381140e+00
-2.234590063643616009e+00
-2.237679808486595423e+00
-2.240780259326787149e+00
-2.243891483914081331e+00
-2.247013550557114492e+00
-2.250146528131959034e+00
-2.253290486087360822e+00
-2.256445494446963629e+00
-2.259611623819656856e+00
-2.262788945403061192e+00
-2.265977530989214284e+00
-2.269177452971498532e+00
-2.272388784350570123e+00
-2.275611598739800456e+00
-2.278845970370978247e+00
-2.282091974103372500e+00
-2.285349685425472899e+00
-2.288619180466524128e+00
-2.291900535998189881e+00
-2.295193829444459599e+00
-2.298499138885702564e+00
-2.301816543067573217e+00
-2.305146121406544069e+00
-2.308487953996038566e+00
-2.311842121614879453e+00
-2.315208705733668104e+00
-2.318587788519766324e+00
-2.321979452848369263e+00
-2.325383782306048364e+00
-2.328800861199816996e+00
-2.332230774564265197e+00
-2.335673608168371107e+00
-2.339129448523247223e+00
-2.342598382890036746e+00
-2.346080499287773069e+00
-2.349575886499430943e+00
-2.353084634083058457e+00
-2.356606832375995886e+00
-2.360142572503824976e+00
-2.363691946391537346e+00
-2.367255046767546389e+00
-2.370831967174858335e+00
-2.374422801977536857e+00
-2.378027646369948567e+00
-2.381646596386096437e+00
-2.385279748907065400e+00
-2.388927201669820199e+00
-2.392589053277840883e+00
-2.396265403207240574e+00
-2.399956351817769562e+00
-2.403662000362116302e+00
-2.407382450994003165e+00
-2.411117806778095396e+00
-2.414868171700148114e+00
-2.418633650675381830e+00
-2.422414349558772884e+00
-2.426210375155795518e+00
-2.430021835230552263e+00
-2.433848838516561752e+00
-2.437691494727996844e+00
-2.441549914568333257e+00
-2.445424209742382615e+00
-2.449314492965236401e+00
-2.453220877972856151e+00
-2.457143479535440544e+00
-2.461082413465841334e+00
-2.465037796630122902e+00
-2.469009746961975171e+00
-2.472998383469989125e+00
-2.477003826252730079e+00
-2.481026196507365444e+00
-2.485065616543358225e+00
-2.489122209793257934e+00
-2.493196100825844752e+00
-2.497287415356690410e+00
-2.501396280261814820e+00
-2.505522823589593884e+00
-2.509667174573647408e+00
-2.513829463644468021e+00
-2.518009822444255086e+00
-2.522208383838536072e+00
-2.526425281929777888e+00
-2.530660652071375694e+00
-2.534914630880856556e+00
-2.539187356252291750e+00
-2.543478967372845290e+00
-2.547789604734998381e+00
-2.552119410151143519e+00
-2.556468526768640448e+00
-2.560837099083168145e+00
-2.565225272955881763e+00
-2.569633195625669941e+00
-2.574061015726353485e+00
-2.578508883301259047e+00
-2.582976949818836410e+00
-2.587465368189724391e+00
-2.591974292780240496e+00
-2.596503879430677397e+00
