0.000000000000000000e+00
-2.988222764679249667e+04
-2.954925224339006309e+04
-2.921985310740226851e+04
-2.889399330962731983e+04
-2.857163629100324761e+04
-2.825274586370860925e+04
-2.793728619754914325e+04
-2.762522180078725432e+04
-2.731651755690571008e+04
-2.701113868012348757e+04
-2.670905073664055453e+04
-2.641021963285162929e+04
-2.611461161436239854e+04
-2.582219326923947301e+04
-2.553293149985505806e+04
-2.524679355920247690e+04
-2.496374700618136922e+04
-2.468375973915741997e+04
-2.440679996510535420e+04
-2.413283621125445279e+04
-2.386183732471998155e+04
-2.359377245120548105e+04
-2.332861105284819132e+04
-2.306632289179626605e+04
-2.280687803611446725e+04
-2.255024685092102300e+04
-2.229639999902570707e+04
-2.204530843150102373e+04
-2.179694340127717442e+04
-2.155127643118262131e+04
-2.130827934861580070e+04
-2.106792424518076587e+04
-2.083018350772859048e+04
-2.059502978897969297e+04
-2.036243602220451430e+04
-2.013237540921244727e+04
-1.990482141976013736e+04
-1.967974779596510780e+04
-1.945712853573822213e+04
-1.923693790193123277e+04
-1.901915042030586483e+04
-1.880374086469661052e+04
-1.859068427226929634e+04
-1.837995591990384855e+04
-1.817153134585168664e+04
-1.796538632658409915e+04
-1.776149688528829938e+04
-1.755983928739418843e+04
-1.736039003876705465e+04
-1.716312588020183830e+04
-1.696802378698904795e+04
-1.677506097146246248e+04
-1.658421487107191933e+04
-1.639546315649885219e+04
-1.620878371959429023e+04
-1.602415467898333554e+04
-1.584155437361107215e+04
-1.566096136361046047e+04
-1.548235442363437687e+04
-1.530571254546311138e+04
-1.513101493464186387e+04
-1.495824100643741622e+04
-1.478737038587594907e+04
-1.461838290531075108e+04
-1.445125860018988533e+04
-1.428597771124563042e+04
-1.412252067711327072e+04
-1.396086814159017922e+04
-1.380100093817952256e+04
-1.364290010131675808e+04
-1.348654685557301309e+04
-1.333192261778541433e+04
-1.317900899453949751e+04
-1.302778778127305486e+04
-1.287824095582853624e+04
-1.273035068482150382e+04
-1.258409931255308220e+04
-1.243946936806182384e+04
-1.229644355500339043e+04
-1.215500475750762598e+04
-1.201513603369190787e+04
-1.187682061310997051e+04
-1.174004189929145468e+04
-1.160478346715381485e+04
-1.147102905833527802e+04
-1.133876257920438729e+04
-1.120796810613650996e+04
-1.107862987594169135e+04
-1.095073228691869372e+04
-1.082425989901215326e+04
-1.069919743199777622e+04
-1.057552975941105797e+04
-1.045324191497551692e+04
-1.033231908198059136e+04
-1.021274660032038628e+04
-1.009450995735720426e+04
-9.977594794153723342e+03
-9.861986895957776142e+03
-9.747672197237978253e+03
-9.634636777290033933e+03
-9.522866857779068596e+03
-9.412348804535226009e+03
-9.303069123429653700e+03
-9.195014460072579823e+03
-9.088171599236085967e+03
-8.982527460423869343e+03
-8.878069100478905966e+03
-8.774783709465960783e+03
-8.672658610563401453e+03
-8.571681258150440044e+03
-8.471839236951591374e+03
-8.373120261634085182e+03
-8.275512172535773061e+03
-8.179002937686749647e+03
-8.083580649433181861e+03
-7.989233524185363422e+03
-7.895949901532588228e+03
-7.803718241619360924e+03
-7.712527125896766847e+03
-7.622365253495999241e+03
-7.533221441390622203e+03
-7.445084624341022391e+03
-7.357943851753661875e+03
-7.271788287416865387e+03
-7.186607208272076605e+03
-7.102390003539505415e+03
-7.019126172666994535e+03
-6.936805326142647573e+03
-6.855417181639007140e+03
-6.774951565629989091e+03
-6.695398410664557559e+03
-6.616747754544227973e+03
-6.538989739648764044e+03
-6.462114612061996922e+03
-6.386112720060174979e+03
-6.310974512508998487e+03
-6.236690539016865841e+03
-6.163251449390777452e+03
-6.090647990194416707e+03
-6.018871005825330030e+03
-5.947911437563887375e+03
-5.877760321502402803e+03
-5.808408787646017117e+03
-5.739848060532565796e+03
-5.672069456150978112e+03
-5.605064382622011181e+03
-5.538824338470754810e+03
-5.473340912173096513e+03
-5.408605780624570798e+03
-5.344610709037237029e+03
-5.281347549332986091e+03
-5.218808239482751560e+03
-5.156984803093801020e+03
-5.095869347938526516e+03
-5.035454065395059843e+03
-4.975731229310930757e+03
-4.916693195997643670e+03
-4.858332402077462575e+03
-4.800641364860395697e+03
-4.743612680778258436e+03
-4.687239025129175388e+03
-4.631513150636988030e+03
-4.576427887279384777e+03
-4.521976141070880658e+03
-4.468150893866121805e+03
-4.414945201572413680e+03
-4.362352194530216366e+03
-4.310365075981702830e+03
-4.258977121699450436e+03
-4.208181678898376049e+03
-4.157972165888662857e+03
-4.108342071176282843e+03
-4.059284953087169015e+03
-4.010794437988910431e+03
-3.962864221082382301e+03
-3.915488064621339618e+03
-3.868659797378028543e+03
-3.822373314527380899e+03
-3.776622576144884533e+03
-3.731401607585410602e+03
-3.686704497519463530e+03
-3.642525398608675005e+03
-3.598858525542879306e+03
-3.555698155557220161e+03
-3.513038627203351098e+03
-3.470874339723382036e+03
-3.429199752596443432e+03
-3.388009384793394929e+03
-3.347297814282354921e+03
-3.307059677287396426e+03
-3.267289667735798503e+03
-3.227982536777566111e+03
-3.189133091903795957e+03
-3.150736196848592044e+03
-3.112786770451789380e+03
-3.075279786572195917e+03
-3.038210273112231789e+03
-3.001573311753368216e+03
-2.965364037330462907e+03
-2.929577637119215524e+03
-2.894209350586848359e+03
-2.859254468559923680e+03
-2.824708332935675571e+03
-2.790566335844371679e+03
-2.756823919538996961e+03
-2.723476575561694517e+03
-2.690519844283417569e+03
-2.657949314548386610e+03
-2.625760622961488480e+03
-2.593949453527305195e+03
-2.562511537174654677e+03
-2.531442651127923000e+03
-2.500738618577322995e+03
-2.470395308132526225e+03
-2.440408633269067195e+03
-2.410774552109649903e+03
-2.381489066642005582e+03
-2.352548222480667391e+03
-2.323948108321598284e+03
-2.295684855546169274e+03
-2.267754637685614398e+03
-2.240153670127293026e+03
-2.212878209500876892e+03
-2.185924553318526705e+03
-2.159289039700819558e+03
-2.132968046672208857e+03
-2.106957991917966410e+03
-2.081255332379762876e+03
-2.055856563742927392e+03
-2.030758220109439208e+03
-2.005956873584183086e+03
-1.981449133766221394e+03
-1.957231647607394279e+03
-1.933301098733108802e+03
-1.909654207197286041e+03
-1.886287729223376800e+03
-1.863198456475595549e+03
-1.840383216083194611e+03
-1.817838869894160553e+03
-1.795562314486423702e+03
-1.773550480488166841e+03
-1.751800332379098563e+03
-1.730308868078916930e+03
-1.709073118629200508e+03
-1.688090147795587654e+03
-1.667357051793190521e+03
-1.646870958828165840e+03
-1.626629028914528817e+03
-1.606628453358423940e+03
-1.586866454619787191e+03
-1.567340285810343175e+03
-1.548047230482891337e+03
-1.528984602239560900e+03
-1.510149744445707483e+03
-1.491540029915765672e+03
-1.473152860600115218e+03
-1.454985667247420679e+03
-1.437035909126052047e+03
-1.419301073734131251e+03
-1.401778676415414338e+03
-1.384466260212614088e+03
-1.367361395427865318e+03
-1.350461679389639585e+03
-1.333764736176498445e+03
-1.317268216327131995e+03
-1.300969796540776315e+03
-1.284867179387132182e+03
-1.268958093097569190e+03
-1.253240291191432334e+03
-1.237711552282540197e+03
-1.222369679768371270e+03
-1.207212501616007557e+03
-1.192237870013781503e+03
-1.177443661212686720e+03
-1.162827775172860129e+03
-1.148388135373820660e+03
-1.134122688539612682e+03
-1.120029404400485191e+03
-1.106106275410331364e+03
-1.092351316568009906e+03
-1.078762565084612561e+03
-1.065338080254983424e+03
-1.052075943100066979e+03
-1.038974256238808493e+03
-1.026031143581142942e+03
-1.013244750140334531e+03
-1.000613241786653930e+03
-9.881348050368563918e+02
-9.758076468111376016e+02
-9.636299942238396170e+02
-9.516000943660243365e+02
-9.397162141004537261e+02
-9.279766398184531226e+02
-9.163796772513251199e+02
-9.049236512603790743e+02
-8.936069056159944921e+02
-8.824278028069089714e+02
-8.713847238367975478e+02
-8.604760680073436561e+02
-8.497002527351012304e+02
-8.390557133476962690e+02
-8.285409028963018727e+02
-8.181542919534018665e+02
-8.078943684345885003e+02
-7.977596373894466524e+02
-7.877486208411395410e+02
-7.778598575828385719e+02
-7.680919029976410002e+02
-7.584433288805332722e+02
-7.489127232715695754e+02
-7.394986902504688260e+02
-7.301998497880464356e+02
-7.210148375528567612e+02
-7.119423047579533659e+02
-7.029809179752246564e+02
-6.941293589798830226e+02
-6.853863245739913737e+02
-6.767505264254655231e+02
-6.682206909061347915e+02
-6.597955589365275273e+02
-6.514738858083713922e+02
-6.432544410501017182e+02
-6.351360082523061692e+02
-6.271173849241087055e+02
-6.191973823296993942e+02
-6.113748253526508734e+02
-6.036485523310667531e+02
-5.960174149155548093e+02
-5.884802779260380703e+02
-5.810360192040053562e+02
-5.736835294642037297e+02
-5.664217121570088693e+02
-5.592494833340068681e+02
-5.521657714978314289e+02
-5.451695174711944674e+02
-5.382596742561840983e+02
-5.314352069107371790e+02
-5.246950923984483097e+02
-5.180383194691360131e+02
-5.114638885312054981e+02
-5.049708115073536874e+02
-4.985581117207253214e+02
-4.922248237638476098e+02
-4.859699933730809107e+02
-4.797926773067131876e+02
-4.736919432202386702e+02
-4.676668695490171217e+02
-4.617165453851350776e+02
-4.558400703595937671e+02
-4.500365545248927219e+02
-4.443051182427491881e+02
-4.386448920652714492e+02
-4.330550166210763905e+02
-4.275346425066921938e+02
-4.220829301732203476e+02
-4.166990498157207412e+02
-4.113821812662404795e+02
-4.061315138838804160e+02
-4.009462464533569346e+02
-3.958255870720377061e+02
-3.907687530538776741e+02
-3.857749708193059632e+02
-3.808434758021020343e+02
-3.759735123348339130e+02
-3.711643335649818596e+02
-3.664152013447323952e+02
-3.617253861385399887e+02
-3.570941669254841031e+02
-3.525208311029325046e+02
-3.480046743934237270e+02
-3.435450007500331253e+02
-3.391411222648017088e+02
-3.347923590779698202e+02
-3.304980392832117104e+02
-3.262574988450182332e+02
-3.220700815038507585e+02
-3.179351386930583772e+02
-3.138520294493515053e+02
-3.098201203280613640e+02
-3.058387853195509933e+02
-3.019074057638342765e+02
-2.980253702670528924e+02
-2.941920746230892973e+02
-2.904069217270742342e+02
-2.866693214998136341e+02
-2.829786908064452859e+02
-2.793344533770052749e+02
-2.757360397306370032e+02
-2.721828870985095250e+02
-2.686744393456120292e+02
-2.652101468994346760e+02
-2.617894666717489258e+02
-2.584118619878645404e+02
-2.550768025127098610e+02
-2.517837641797033257e+02
-2.485322291181509797e+02
-2.453216855844038378e+02
-2.421516278922296976e+02
-2.390215563427154279e+02
-2.359309771582124995e+02
-2.328794024126994771e+02
-2.298663499676400477e+02
-2.268913434044947621e+02
-2.239539119599390347e+02
-2.210535904624049692e+02
-2.181899192672169079e+02
-2.153624441944973285e+02
-2.125707164667387588e+02
-2.098142926464630023e+02
-2.070927345772141450e+02
-2.044056093208249649e+02
-2.017524891005309371e+02
-1.991329512401727300e+02
-1.965465781068762965e+02
-1.939929570525835629e+02
-1.914716803591723817e+02
-1.889823451796760025e+02
-1.865245534844814870e+02
-1.840979120053926010e+02
-1.817020321815828652e+02
-1.793365301056566068e+02
-1.770010264705202587e+02
-1.746951465170237157e+02
-1.724185199813988163e+02
-1.701707810445430766e+02
-1.679515682805040342e+02
-1.657605246067166718e+02
-1.635972972342492540e+02
-1.614615376188024243e+02
-1.593529014115533755e+02
-1.572710484119401144e+02
-1.552156425196109240e+02
-1.531863516877658071e+02
-1.511828478766398121e+02
-1.492048070079742388e+02
-1.472519089195460538e+02
-1.453238373196079465e+02
-1.434202797439215828e+02
-1.415409275110391150e+02
-1.396854756792686487e+02
-1.378536230039319719e+02
-1.360450718949799693e+02
-1.342595283754605475e+02
-1.324967020394613542e+02
-1.307563060124291212e+02
-1.290380569097220871e+02
-1.273416747972904375e+02
-1.256668831520773324e+02
-1.240134088231220488e+02
-1.223809819928364959e+02
-1.207693361390183071e+02
-1.191782079975275082e+02
-1.176073375246593429e+02
-1.160564678605569640e+02
-1.145253452928383382e+02
-1.130137192209489427e+02
-1.115213421201748503e+02
-1.100479695073363473e+02
-1.085933599053159355e+02
-1.071572748093091150e+02
-1.057394786530806101e+02
-1.043397387751166008e+02
-1.029578253858173014e+02
-1.015935115351522455e+02
-1.002465730797080283e+02
-9.891678865144561428e+01
-9.760393962583968630e+01
-9.630781009098015488e+01
-9.502818681659682909e+01
-9.376485922382997273e+01
-9.251761935522795000e+01
-9.128626184481770167e+01
-9.007058388926601822e+01
-8.887038521838809402e+01
-8.768546806683950479e+01
-8.651563714579772579e+01
-8.536069961489208424e+01
-8.422046505488734169e+01
-8.309474543990384632e+01
-8.198335511100960105e+01
-8.088611074912229526e+01
-7.980283134906181886e+01
-7.873333819331145378e+01
-7.767745482641375077e+01
-7.663500702945005116e+01
-7.560582279514370896e+01
-7.458973230286932221e+01
-7.358656789438659018e+01
-7.259616404927196243e+01
-7.161835736134976571e+01
-7.065298651479680814e+01
-6.969989226086499912e+01
-6.875891739471194342e+01
-6.782990673267194381e+01
-6.691270708950447954e+01
-6.600716725626855919e+01
-6.511313797818279170e+01
-6.423047193272046229e+01
-6.335902370824397423e+01
-6.249864978251576275e+01
-6.164920850161911403e+01
-6.081056005931853292e+01
-5.998256647614509518e+01
-5.916509157921439765e+01
-5.835800098203061026e+01
-5.756116206443043382e+01
-5.677444395296289059e+01
-5.599771750128625314e+01
-5.523085527089986613e+01
-5.447373151193386320e+01
-5.372622214429151200e+01
-5.298820473896329730e+01
-5.225955849929872699e+01
-5.154016424283674525e+01
-5.082990438300935665e+01
-5.012866291110297112e+01
-4.943632537858342602e+01
-4.875277887915406438e+01
-4.807791203153669812e+01
-4.741161496184939494e+01
-4.675377928662854288e+01
-4.610429809555338920e+01
-4.546306593476366231e+01
-4.482997878991449170e+01
-4.420493406959109706e+01
-4.358783058885993711e+01
-4.297856855284469901e+01
-4.237704954048396644e+01
-4.178317648837890630e+01
-4.119685367487235084e+01
-4.061798670398035682e+01
-4.004648248978005398e+01
-3.948224924057505092e+01
-3.892519644341026464e+01
-3.837523484846167321e+01
-3.783227645375814774e+01
-3.729623448976953881e+01
-3.676702340423814519e+01
-3.624455884698676300e+01
-3.572875765488416988e+01
-3.521953783689739481e+01
-3.471681855902760816e+01
-3.422052012960068623e+01
-3.373056398447909032e+01
-3.324687267219485420e+01
-3.276936983947715021e+01
-3.229798021654540463e+01
-3.183262960258998575e+01
-3.137324485129240514e+01
-3.091975385634938078e+01
-3.047208553718618163e+01
-3.003016982446006011e+01
-2.959393764595892762e+01
-2.916332091218658817e+01
-2.873825250225970152e+01
-2.831866624973792312e+01
-2.790449692851708718e+01
-2.749568023872299349e+01
-2.709215279271406729e+01
-2.669385210110334228e+01
-2.630071655879069681e+01
-2.591268543111897671e+01
-2.552969883990460431e+01
-2.515169774979723272e+01
-2.477862395434386045e+01
-2.441042006237159256e+01
-2.404702948432409926e+01
-2.368839641854807354e+01
-2.333446583782504646e+01
-2.298518347580741761e+01
-2.264049581359149954e+01
-2.230035006627034377e+01
-2.196469416963113730e+01
-2.163347676688900378e+01
-2.130664719549412212e+01
-2.098415547395692116e+01
-2.066595228883189250e+01
-2.035198898172858506e+01
-2.004221753646740467e+01
-1.973659056619049679e+01
-1.943506130074067428e+01
-1.913758357401047050e+01
-1.884411181144142944e+01
-1.855460101764743541e+01
-1.826900676407534263e+01
-1.798728517690670969e+01
-1.770939292496748863e+01
-1.743528720784275166e+01
-1.716492574405660676e+01
-1.689826675948968315e+01
-1.663526897584113229e+01
-1.637589159930411142e+01
-1.612009430938601540e+01
-1.586783724786508820e+01
-1.561908100799576538e+01
-1.537378662374335825e+01
-1.513191555938080590e+01
-1.489342969910457803e+01
-1.465829133694733422e+01
-1.442646316686488284e+01
-1.419790827299143743e+01
-1.397259012012697177e+01
-1.375047254444185540e+01
-1.353151974438815941e+01
-1.331569627184750004e+01
-1.310296702345671527e+01
-1.289329723221572088e+01
-1.268665245931824970e+01
-1.248299858618175229e+01
-1.228230180678925976e+01
-1.208452862016300955e+01
-1.188964582322272179e+01
-1.169762050375047302e+01
-1.150842003373277400e+01
-1.132201206285341932e+01
-1.113836451228265467e+01
-1.095744556874642761e+01
-1.077922367877169840e+01
-1.060366754328040173e+01
-1.043074611235929261e+01
-1.026042858031152250e+01
-1.009268438099164911e+01
-9.927483183327087346e+00
-9.764794887142421942e+00
-9.604589619204288553e+00
-9.446837729513886117e+00
-9.291509787848898583e+00
-9.138576580538410710e+00
-8.988009107461266467e+00
-8.839778579292307370e+00
-8.693856414958503365e+00
-8.550214239331127786e+00
-8.408823881115981891e+00
-8.269657370978402255e+00
-8.132686939828404959e+00
-7.997885017365306659e+00
-7.865224230767575264e+00
-7.734677403570311860e+00
-7.606217554767201072e+00
-7.479817898018829680e+00
-7.355451841083896269e+00
-7.233092985362898020e+00
-7.112715125628148449e+00
-6.994292249865425859e+00
-6.877798539282689028e+00
-6.763208368405258852e+00
-6.650496305330067415e+00
-6.539637112062791857e+00
-6.430605744969338566e+00
-6.323377355317312265e+00
-6.217927289920084810e+00
-6.114231091824081865e+00
-6.012264501109797266e+00
-5.912003455723593426e+00
-5.813424092375483632e+00
-5.716502747487893110e+00
-5.621215958186891903e+00
-5.527540463299914997e+00
-5.435453204427362017e+00
-5.344931326970001173e+00
-5.255952181232578901e+00
-5.168493323474427470e+00
-5.082532516997121164e+00
-4.998047733199132203e+00
-4.915017152639825859e+00
-4.833419166057592697e+00
-4.753232375377073993e+00
-4.674435594681120243e+00
-4.597007851152882019e+00
-4.520928385963835616e+00
-4.446176655123118771e+00
-4.372732330284875957e+00
-4.300575299486300018e+00
-4.229685667842795205e+00
-4.160043758170131056e+00
-4.091630111552571059e+00
-4.024425487837850923e+00
-3.958410866063435840e+00
-3.893567444825324131e+00
-3.829876642540200216e+00
-3.767320097672706591e+00
-3.705879668860465603e+00
-3.645537434965635981e+00
-3.586275695050776591e+00
-3.528076968277743752e+00
-3.470923993723253886e+00
-3.414799730108484699e+00
-3.359687355465421632e+00
-3.305570266701484350e+00
-3.252432079107009599e+00
-3.200256625762685214e+00
-3.149027956887378910e+00
-3.098730339091069652e+00
-3.049348254573976291e+00
-3.000866400223092700e+00
-2.953269686662306714e+00
-2.906543237212227737e+00
-2.860672386785758192e+00
-2.815642680721439195e+00
-2.771439873538849241e+00
-2.728049927635304073e+00
-2.685459011927233686e+00
-2.643653500413322366e+00
-2.602619970701225860e+00
-2.562345202458740978e+00
-2.522816175824359242e+00
-2.484020069764553362e+00
-2.445944260375721324e+00
-2.408576319148662659e+00
-2.371904011181955596e+00
-2.335915293360664169e+00
-2.300598312486328290e+00
-2.265941403382494279e+00
-2.231933086957497370e+00
-2.198562068236090461e+00
-2.165817234367713340e+00
-2.133687652598323048e+00
-2.102162568231454642e+00
-2.071231402547911049e+00
-2.040883750725221546e+00
-2.011109379727066493e+00
-1.981898226179314548e+00
-1.953240394233429544e+00
-1.925126153422159536e+00
-1.897545936499153818e+00
-1.870490337274715476e+00
-1.843950108447601988e+00
-1.817916159430742917e+00
-1.792379554175575818e+00
-1.767331508996324629e+00
-1.742763390397743750e+00
-1.718666712904192595e+00
-1.695033136893313586e+00
-1.671854466436664355e+00
-1.649122647148098197e+00
-1.626829764039911641e+00
-1.604968039393703139e+00
-1.583529830635720392e+00
-1.562507628228059220e+00
-1.541894053579581536e+00
-1.521681856958960521e+00
-1.501863915437221086e+00
-1.482433230834984572e+00
-1.463382927697294056e+00
-1.444706251277609876e+00
-1.426396565551513840e+00
-1.408447351238386158e+00
-1.390852203854131330e+00
-1.373604831776992663e+00
-1.356699054337766386e+00
-1.340128799937210013e+00
-1.323888104174445690e+00
-1.307971108009847283e+00
-1.292372055944571496e+00
-1.277085294225297041e+00
-1.262105269072821612e+00
-1.247426524933938241e+00
-1.233043702759937688e+00
-1.218951538306358273e+00
-1.205144860459381739e+00
-1.191618589585923482e+00
-1.178367735909371827e+00
-1.165387397907551748e+00
-1.152672760739322566e+00
-1.140219094692241919e+00
-1.128021753656646586e+00
-1.116076173625170531e+00
-1.104377871213477968e+00
-1.092922442207987288e+00
-1.081705560139621936e+00
-1.070722974876616718e+00
-1.059970511243816693e+00
-1.049444067668232394e+00
-1.039139614843902493e+00
-1.029053194421876816e+00
-1.019180917723872426e+00
-1.009518964478542502e+00
-1.000063581579599514e+00
-9.908110818653618201e-01
-9.817578429255003902e-01
-9.729003059222959271e-01
-9.642349744382490151e-01
-9.557584133440322205e-01
-9.474672476866493609e-01
-9.393581616005859392e-01
-9.314278972337818319e-01
-9.236732537014461508e-01
-9.160910860519122512e-01
-9.086783042591436432e-01
-9.014318722273246820e-01
-8.943488068216621789e-01
-8.874261769099741626e-01
-8.806611024296391310e-01
-8.740507534665021838e-01
-8.675923493568418188e-01
-8.612831578013280254e-01
-8.551204939999744736e-01
-8.491017198012732470e-01
-8.432242428702452219e-01
-8.374855158686239642e-01
-8.318830356558444272e-01
-8.264143425001426735e-01
-8.210770193088211544e-01
-8.158686908729279041e-01
-8.107870231230133173e-01
-8.058297224049596474e-01
-8.009945347630471613e-01
-7.962792452445192071e-01
-7.916816772082744258e-01
-7.871996916574162118e-01
-7.828311865756696353e-01
-7.785740962805920429e-01
-7.744263907878973230e-01
-7.703860751916448146e-01
-7.664511890499564606e-01
-7.626198057863239343e-01
-7.588900321045466413e-01
-7.552600074067072899e-01
-7.517279032330325128e-01
-7.482919227024156239e-01
-7.449502999708513817e-01
-7.417012996951433124e-01
-7.385432165089266254e-01
-7.354743745095109198e-01
-7.324931267512718724e-01
-7.295978547515358237e-01
-7.267869680028645751e-01
-7.240589034983430095e-01
-7.214121252610180557e-01
-7.188451238846964575e-01
-7.163564160840015793e-01
-7.139445442489862348e-01
-7.116080760138424610e-01
-7.093456038268208808e-01
-7.071557445318428226e-01
-7.050371389591708615e-01
-7.029884515186105576e-01
-7.010083698043810818e-01
-6.990956042054852215e-01
-6.972488875218346704e-01
-6.954669745903899747e-01
-6.937486419147359529e-01
-6.920926873035464499e-01
-6.904979295136186579e-01
-6.889632079010458154e-01
-6.874873820770556199e-01
-6.860693315707006024e-01
-6.847079554973156679e-01
-6.834021722324544745e-01
-6.821509190922062649e-01
-6.809531520181588693e-01
-6.798078452682341233e-01
-6.787139911142366921e-01
-6.776705995403246030e-01
-6.766766979533055393e-01
-6.757313308912927807e-01
-6.748335597421166732e-01
-6.739824624629836558e-01
-6.731771333084173303e-01
-6.724166825596618047e-01
-6.717002362602176868e-01
-6.710269359560000479e-01
-6.703959384391626752e-01
-6.698064154960721162e-01
-6.692575536614925324e-01
-6.687485539725148698e-01
-6.682786317323617942e-01
-6.678470162728904480e-01
-6.674529507247697335e-01
-6.670956917890541460e-01
-6.667745095134148814e-01
-6.664886870720931888e-01
-6.662375205501052111e-01
-6.660203187295942184e-01
-6.658364028798081646e-01
-6.656851065526735445e-01
-6.655657753780602759e-01
-6.654777668666826962e-01
-6.654204502115639297e-01
-6.653932060967423512e-01
-6.653954265061904350e-01
-6.654265145382993740e-01
-6.654858842208193348e-01
-6.655729603302261710e-01
-6.656871782143571892e-01
-6.658279836170980515e-01
-6.659948325052291729e-01
-6.661871908998241443e-01
-6.664045347093277005e-01
-6.666463495646517412e-01
-6.669121306580992892e-01
-6.672013825841612844e-01
-6.675136191834230015e-01
-6.678483633878128378e-01
-6.682051470696197537e-01
-6.685835108918483094e-01
-6.689830041617084166e-01
-6.694031846860075685e-01
-6.698436186292739958e-01
-6.703038803723385675e-01
-6.707835523768614916e-01
-6.712822250480164898e-01
-6.717994966008098423e-01
-6.723349729298959687e-01
-6.728882674800571451e-01
-6.734590011178631652e-01
-6.740468020069972921e-01
-6.746513054855134417e-01
-6.752721539434809461e-01
-6.759089967038788282e-01
-6.765614899053004061e-01
-6.772292963856660908e-01
-6.779120855683129498e-01
-6.786095333502576432e-01
-6.793213219913190049e-01
-6.800471400056374849e-01
-6.807866820545173114e-01
-6.815396488414217080e-01
-6.823057470080613474e-01
-6.830846890323046816e-01
-6.838761931276569062e-01
-6.846799831451194640e-01
-6.854957884748146268e-01
-6.863233439508598099e-01
-6.871623897572687323e-01
-6.880126713342719080e-01
-6.888739392875745660e-01
-6.897459492989421737e-01
-6.906284620361867743e-01
-6.915212430678905342e-01
-6.924240627761591993e-01
-6.933366962731195571e-01
-6.942589233173035446e-01
-6.951905282329292612e-01
-6.961312998272358721e-01
-6.970810313139979009e-01
-6.980395202337887905e-01
-6.990065683782441530e-01
-6.999819817135044531e-01
-7.009655703071633326e-01
-7.019571482535926776e-01
-7.029565336038668955e-01
-7.039635482935070465e-01
-7.049780180737741375e-01
-7.059997724417108600e-01
-7.070286445743895198e-01
-7.080644712611178226e-01
-7.091070928387755989e-01
-7.101563531275262298e-01
-7.112120993669428515e-01
-7.122741821548671526e-01
-7.133424553846395844e-01
-7.144167761861961452e-01
-7.154970048657012249e-01
-7.165830048481608427e-01
-7.176746426197581075e-01
-7.187717876703680897e-01
-7.198743124391390191e-01
-7.209820922599412540e-01
-7.220950053063138752e-01
-7.232129325397044228e-01
-7.243357576573591361e-01
-7.254633670403221046e-01
-7.265956497041708984e-01
-7.277324972482439591e-01
-7.288738038081228332e-01
-7.300194660068118901e-01
-7.311693829079716211e-01
-7.323234559700928514e-01
-7.334815889993139271e-01
-7.346436881065860902e-01
-7.358096616620696251e-01
-7.369794202520539850e-01
-7.381528766370902828e-01
-7.393299457091722093e-01
-7.405105444510099444e-01
-7.416945918948781857e-01
-7.428820090837441326e-01
-7.440727190309009975e-01
-7.452666466819088953e-01
-7.464637188777553112e-01
-7.476638643151979347e-01
-7.488670135128874250e-01
-7.500730987726887955e-01
-7.512820541468804292e-01
-7.524938154008211644e-01
-7.537083199811122070e-01
-7.549255069806195539e-01
-7.561453171049723476e-01
-7.573676926413852595e-01
-7.585925774263315713e-01
-7.598199168133658032e-01
-7.610496576434218063e-01
-7.622817482136926559e-01
-7.635161382486184145e-01
-7.647527788692910500e-01
-7.659916225662291023e-01
-7.672326231707221611e-01
-7.684757358263057947e-01
-7.697209169627912129e-01
-7.709681242671907464e-01
-7.722173166608236050e-01
-7.734684542703518240e-01
-7.747214984042186670e-01
-7.759764115268994455e-01
-7.772331572346627970e-01
-7.784917002316558143e-01
-7.797520063055679573e-01
-7.810140423050300207e-01
-7.822777761176519240e-01
-7.835431766455606128e-01
-7.848102137847260407e-01
-7.860788584043261196e-01
-7.873490823232893732e-01
-7.886208582911663489e-01
-7.898941599670670222e-01
-7.911689618997089779e-01
-7.924452395081597045e-01
-7.937229690620339895e-01
-7.950021276619809729e-01
-7.962826932224649212e-01
-7.975646444523889489e-01
-7.988479608379167596e-01
-8.001326226238731909e-01
-8.014186107976516427e-01
-8.027059070712094790e-01
-8.039944938653218465e-01
-8.052843542928811438e-01
-8.065754721428426421e-01
-8.078678318643361944e-01
-8.091614185517358449e-01
-8.104562179293232083e-01
-8.117522163363505294e-01
-8.130494007124129396e-01
-8.143477585842334721e-01
-8.156472780498281727e-01
-8.169479477665284595e-01
-8.182497569364646228e-01
-8.195526952935231479e-01
-8.208567530914566701e-01
-8.221619210891657481e-01
-8.234681905407056357e-01
-8.247755531810654350e-01
-8.260840012152655953e-01
-8.273935273067970497e-01
-8.287041245655650812e-01
-8.300157865365771492e-01
-8.313285071894455092e-01
-8.326422809076767795e-01
-8.339571024772618468e-01
-8.352729670773469950e-01
-8.365898702693389533e-01
-8.379078079870434514e-01
-8.392267765276546498e-01
-8.405467725408881652e-01
-8.418677930208634530e-01
-8.431898352962710064e-01
-8.445128970218480635e-01
-8.458369761692684508e-01
-8.471620710184403213e-01
-8.484881801494811304e-01
-8.498153024339812900e-01
-8.511434370276832473e-01
-8.524725833621377147e-01
-8.538027411366022612e-01
-8.551339103109113493e-01
-8.564660910986477971e-01
-8.577992839582613271e-01
-8.591334895880265998e-01
-8.604687089177622816e-01
-8.618049431017421602e-01
-8.631421935134350187e-01
-8.644804617384123091e-01
-8.658197495670518773e-01
-8.671600589897754396e-01
-8.685013921904795042e-01
-8.698437515398824704e-01
-8.711871395910434357e-01
-8.725315590721351988e-01
-8.738770128825905648e-01
-8.752235040864370097e-01
-8.765710359072858004e-01
-8.779196117235140706e-01
-8.792692350630092468e-01
-8.806199095978418656e-01
-8.819716391403352729e-01
-8.833244276372869130e-01
-8.846782791662953782e-01
-8.860331979306608208e-01
-8.873891882552592536e-01
-8.887462545823232585e-01
-8.901044014668644255e-01
-8.914636335731901395e-01
-8.928239556706333291e-01
-8.941853726290596160e-01
-8.955478894162995918e-01
-8.969115110936753954e-01
-8.982762428119418496e-01
-8.996420898094622531e-01
-9.010090574063105429e-01
-9.023771510032964072e-01
-9.037463760770475529e-01
-9.051167381776163978e-01
-9.064882429256273522e-01
-9.078608960083303092e-01
-9.092347031768335253e-01
-9.106096702442788571e-01
-9.119858030822033390e-01
-9.133631076176284003e-01
-9.147415898306663351e-01
-9.161212557520169719e-01
-9.175021114607084805e-01
-9.188841630812669692e-01
-9.202674167809246075e-01
-9.216518787684009340e-01
-9.230375552907119641e-01
-9.244244526310841925e-01
-9.258125771077575505e-01
-9.272019350706375285e-01
-9.285925328998350103e-01
-9.299843770035679524e-01
-9.313774738168951739e-01
-9.327718297992823038e-01
-9.341674514321456346e-01
-9.355643452182605957e-01
-9.369625176800029376e-01
-9.383619753567866706e-01
-9.397627248044796433e-01
-9.411647725928292685e-01
-9.425681253050576247e-01
-9.439727895353451359e-01
-9.453787718881512259e-01
-9.467860789765901730e-01
-9.481947174210260121e-01
-9.496046938480143806e-01
-9.510160148890095533e-01
-9.524286871785261344e-01
-9.538427173539144599e-01
-9.552581120538805592e-01
-9.566748779170419770e-01
-9.580930215810048445e-01
-9.595125496816528932e-01
-9.609334688523333279e-01
-9.623557857218655309e-01
-9.637795069145908000e-01
-9.652046390489902317e-01
-9.666311887373894018e-01
-9.680591625843756320e-01
-9.694885671859837517e-01
-9.709194091300781260e-01
-9.723516949942733190e-01
-9.737854313457394717e-01
-9.752206247408258255e-01
-9.766572817235528170e-01
-9.780954088258264623e-01
-9.795350125663306873e-01
-9.809760994502333409e-01
-9.824186759684150339e-01
-9.838627485967254005e-01
-9.853083237956218321e-01
-9.867554080104766756e-01
-9.882040076690243868e-01
-9.896541291835685428e-01
-9.911057789481624303e-01
-9.925589633397713385e-01
-9.940136887168079527e-01
-9.954699614199019608e-01
-9.969277877699971313e-01
-9.983871740695090535e-01
-9.998481266009964230e-01
-1.001310651626915238e+00
-1.002774755390227091e+00
-1.004240444112881825e+00
-1.005707723995989289e+00
-1.007176601220156620e+00
-1.008647081944332058e+00
-1.010119172306072288e+00
-1.011592878421055275e+00
-1.013068206383486825e+00
-1.014545162264723688e+00
-1.016023752114345369e+00
-1.017503981959159143e+00
-1.018985857803316186e+00
-1.020469385628443248e+00
-1.021954571392469813e+00
-1.023441421030994780e+00
-1.024929940455854060e+00
-1.026420135555606850e+00
-1.027912012195504099e+00
-1.029405576216808837e+00
-1.030900833437813358e+00
-1.032397789652341080e+00
-1.033896450630409802e+00
-1.035396822118835214e+00
-1.036898909839623739e+00
-1.038402719491286375e+00
-1.039908256747643645e+00
-1.041415527258898521e+00
-1.042924536651140155e+00
-1.044435290525550952e+00
-1.045947794459615832e+00
-1.047462054006569554e+00
-1.048978074694878471e+00
-1.050495862028932192e+00
-1.052015421489205682e+00
-1.053536758530909667e+00
-1.055059878585383526e+00
-1.056584787060086850e+00
-1.058111489336971855e+00
-1.059639990774468243e+00
-1.061170296706595018e+00
-1.062702412442688260e+00
-1.064236343267538576e+00
-1.065772094442379414e+00
-1.067309671203387600e+00
-1.068849078762763360e+00
-1.070390322308070408e+00
-1.071933407003020866e+00
-1.073478337987169740e+00
-1.075025120374872412e+00
-1.076573759257195340e+00
-1.078124259700381282e+00
-1.079676626747236412e+00
-1.081230865415451659e+00
-1.082786980699172341e+00
-1.084344977568345803e+00
-1.085904860968447627e+00
-1.087466635821168870e+00
-1.089030307024071220e+00
-1.090595879450479089e+00
-1.092163357949745395e+00
-1.093732747347536005e+00
-1.095304052444741050e+00
-1.096877278018882240e+00
-1.098452428823312177e+00
-1.100029509587015841e+00
-1.101608525015445261e+00
-1.103189479790196215e+00
-1.104772378568150026e+00
-1.106357225983118919e+00
-1.107944026644074542e+00
-1.109532785136718269e+00
-1.111123506022507312e+00
-1.112716193838311218e+00
-1.114310853098234633e+00
-1.115907488291404626e+00
-1.117506103883087576e+00
-1.119106704314621670e+00
-1.120709294003469303e+00
-1.122313877342644872e+00
-1.123920458701016312e+00
-1.125529042423805581e+00
-1.127139632831208438e+00
-1.128752234220023132e+00
-1.130366850862214001e+00
-1.131983487005894018e+00
-1.133602146874134409e+00
-1.135222834666183234e+00
-1.136845554556904059e+00
-1.138470310695806731e+00
-1.140097107208518423e+00
-1.141725948195958074e+00
-1.143356837734205600e+00
-1.144989779874069136e+00
-1.146624778642203024e+00
-1.148261838039756011e+00
-1.149900962043016284e+00
-1.151542154602870127e+00
-1.153185419645161414e+00
-1.154830761070531731e+00
-1.156478182753598372e+00
-1.158127688543554967e+00
-1.159779282264244316e+00
-1.161432967713353914e+00
-1.163088748662627792e+00
-1.164746628857635802e+00
-1.166406612017897748e+00
-1.168068701836234569e+00
-1.169732901979263495e+00
-1.171399216086771222e+00
-1.173067647771832256e+00
-1.174738200620009998e+00
-1.176410878190317089e+00
-1.178085684013773893e+00
-1.179762621594516503e+00
-1.181441694408597698e+00
-1.183122905904049116e+00
-1.184806259501150150e+00
-1.186491758591014856e+00
-1.188179406537580363e+00
-1.189869206674580182e+00
-1.191561162307727129e+00
-1.193255276713279578e+00
-1.194951553138252187e+00
-1.196649994799183547e+00
-1.198350604883658965e+00
-1.200053386548731282e+00
-1.201758342920630218e+00
-1.203465477095654768e+00
-1.205174792138561601e+00
-1.206886291082894580e+00
-1.208599976930992970e+00
-1.210315852652922075e+00
-1.212033921187197771e+00
-1.213754185439439581e+00
-1.215476648282888039e+00
-1.217201312557262494e+00
-1.218928181069466765e+00
-1.220657256592548645e+00
-1.222388541865311540e+00
-1.224122039592201894e+00
-1.225857752443369586e+00
-1.227595683053467335e+00
-1.229335834021769713e+00
-1.231078207911899369e+00
-1.232822807251248598e+00
-1.234569634530551685e+00
-1.236318692203553393e+00
-1.238069982686649917e+00
-1.239823508358953719e+00
-1.241579271560494080e+00
-1.243337274593318220e+00
-1.245097519720603785e+00
-1.246860009165436267e+00
-1.248624745111668322e+00
-1.250391729702103660e+00
-1.252160965039462948e+00
-1.253932453184894991e+00
-1.255706196157683863e+00
-1.257482195934746638e+00
-1.259260454450993771e+00
-1.261040973597450154e+00
-1.262823755221856858e+00
-1.264608801127080628e+00
-1.266396113072393970e+00
-1.268185692770777750e+00
-1.269977541889749206e+00
-1.271771662050690921e+00
-1.273568054828209117e+00
-1.275366721748860233e+00
-1.277167664291828153e+00
-1.278970883887333043e+00
-1.280776381916896467e+00
-1.282584159711396277e+00
-1.284394218552517453e+00
-1.286206559670496796e+00
-1.288021184243537398e+00
-1.289838093398452790e+00
-1.291657288208539756e+00
-1.293478769694219599e+00
-1.295302538821699656e+00
-1.297128596502157727e+00
-1.298956943591359048e+00
-1.300787580889381623e+00
-1.302620509138910920e+00
-1.304455729026134936e+00
-1.306293241177953757e+00
-1.308133046163154400e+00
-1.309975144490364007e+00
-1.311819536608753500e+00
-1.313666222905313097e+00
-1.315515203706365543e+00
-1.317366479274922897e+00
-1.319220049811136830e+00
-1.321075915450432126e+00
-1.322934076264255410e+00
-1.324794532257775881e+00
-1.326657283370097806e+00
-1.328522329472808350e+00
-1.330389670369556132e+00
-1.332259305795103987e+00
-1.334131235414491856e+00
-1.336005458822150160e+00
-1.337881975541021840e+00
-1.339760785021955503e+00
-1.341641886642547243e+00
-1.343525279706414999e+00
-1.345410963442175589e+00
-1.347298937002621377e+00
-1.349189199463852962e+00
-1.351081749824207812e+00
-1.352976587003556830e+00
-1.354873709842462803e+00
-1.356773117100321668e+00
-1.358674807455919620e+00
-1.360578779505114522e+00
-1.362485031760566123e+00
-1.364393562650244363e+00
-1.366304370517589906e+00
-1.368217453618707946e+00
-1.370132810123012579e+00
-1.372050438111042769e+00
-1.373970335573979629e+00
-1.375892500412833730e+00
-1.377816930436293053e+00
-1.379743623361468829e+00
-1.381672576810825115e+00
-1.383603788312759875e+00
-1.385537255298953774e+00
-1.387472975104987905e+00
-1.389410944967430339e+00
-1.391351162024398125e+00
-1.393293623313087259e+00
-1.395238325769352139e+00
-1.397185266226319778e+00
-1.399134441413137919e+00
-1.401085847954052666e+00
-1.403039482366970070e+00
-1.404995341062236447e+00
-1.406953420341905625e+00
-1.408913716397635962e+00
-1.410876225310420118e+00
-1.412840943048702780e+00
-1.414807865467204051e+00
-1.416776988305833873e+00
-1.418748307188361091e+00
-1.420721817621407812e+00
-1.422697514992247170e+00
-1.424675394568498454e+00
-1.426655451496610105e+00
-1.428637680799905718e+00
-1.430622077377798895e+00
-1.432608636004456759e+00
-1.434597351327417059e+00
-1.436588217865928607e+00
-1.438581230009582601e+00
-1.440576382017541457e+00
-1.442573668016532640e+00
-1.444573081999030784e+00
-1.446574617823456865e+00
-1.448578269211038494e+00
-1.450584029744995451e+00
-1.452591892869327106e+00
-1.454601851887113773e+00
-1.456613899959080527e+00
-1.458628030102006479e+00
-1.460644235187461781e+00
-1.462662507940059253e+00
-1.464682840935902286e+00
-1.466705226601847878e+00
-1.468729657212596962e+00
-1.470756124890294059e+00
-1.472784621602423183e+00
-1.474815139160561284e+00
-1.476847669218424031e+00
-1.478882203270643902e+00
-1.480918732650905012e+00
-1.482957248530609062e+00
-1.484997741917410963e+00
-1.487040203652232995e+00
-1.489084624409930946e+00
-1.491130994695914369e+00
-1.493179304844666433e+00
-1.495229545019162831e+00
-1.497281705207876179e+00
-1.499335775223878064e+00
-1.501391744703078901e+00
-1.503449603102177790e+00
-1.505509339697382210e+00
-1.507570943582468015e+00
-1.509634403667158509e+00
-1.511699708675195097e+00
-1.513766847142610006e+00
-1.515835807416614944e+00
-1.517906577652778699e+00
-1.519979145813994403e+00
-1.522053499668865273e+00
-1.524129626789021863e+00
-1.526207514548232780e+00
-1.528287150120481552e+00
-1.530368520477263017e+00
-1.532451612387369266e+00
-1.534536412413336492e+00
-1.536622906911053299e+00
-1.538711082027087729e+00
-1.540800923696876712e+00
-1.542892417643706660e+00
-1.544985549375695877e+00
-1.547080304184623945e+00
-1.549176667144078756e+00
-1.551274623107401718e+00
-1.553374156705771725e+00
-1.555475252346322224e+00
-1.557577894210565583e+00
-1.559682066252076948e+00
-1.561787752195018752e+00
-1.563894935531701780e+00
-1.566003599521347045e+00
-1.568113727187562034e+00
-1.570225301316622524e+00
-1.572338304456053271e+00
-1.574452718911659943e+00
-1.576568526746585208e+00
-1.578685709778938850e+00
-1.580804249580068266e+00
-1.582924127471960762e+00
-1.585045324526451083e+00
-1.587167821562383008e+00
-1.589291599143805911e+00
-1.591416637578352056e+00
-1.593542916915186236e+00
-1.595670416942541303e+00
-1.597799117186814444e+00
-1.599928996909484313e+00
-1.602060035105977720e+00
-1.604192210503501803e+00
-1.606325501558555580e+00
-1.608459886455962495e+00
-1.610595343106158150e+00
-1.612731849143485441e+00
-1.614869381924390002e+00
-1.617007918525232402e+00
-1.619147435740554641e+00
