0.000000000000000000e+00
2.858541843302216367e-05
2.893199645561041566e-05
2.928295935548193537e-05
2.963836493596075329e-05
2.999827179019058320e-05
3.036273931098962706e-05
3.073182772378279241e-05
3.110559806703311374e-05
3.148411221707760217e-05
3.186743289408698279e-05
3.225562370612240239e-05
3.264874911374046374e-05
3.304687448059329331e-05
3.345006605230566054e-05
3.385839099828110213e-05
3.427191741527348725e-05
3.469071434357969219e-05
3.511485175301617712e-05
3.554440061845775699e-05
3.597943286179682368e-05
3.642002140474355135e-05
3.686624019396964936e-05
3.731816418057628360e-05
3.777586936797769606e-05
3.823943280388912016e-05
3.870893260386243823e-05
3.918444796830476749e-05
3.966605920399563802e-05
4.015384771389803341e-05
4.064789605361652483e-05
4.114828790626919166e-05
4.165510812818420190e-05
4.216844275524154789e-05
4.268837901746996507e-05
4.321500535878957592e-05
4.374841146849695164e-05
4.428868825717634217e-05
4.483592793984188918e-05
4.539022398295740931e-05
4.595167118376441778e-05
4.652036565125099214e-05
4.709640482992036385e-05
4.767988754608804502e-05
4.827091398812224390e-05
4.886958576950800885e-05
4.947600589153712113e-05
5.009027884194677561e-05
5.071251053174447547e-05
5.134280839030103306e-05
5.198128132908485426e-05
5.262803979539855566e-05
5.328319580508883592e-05
5.394686292001370530e-05
5.461915630632004645e-05
5.530019277176558023e-05
5.599009074513172982e-05
5.668897032003809405e-05
5.739695330203578518e-05
5.811416318282882818e-05
5.884072523415505746e-05
5.957676646652544791e-05
6.032241568663770215e-05
6.107780353464738752e-05
6.184306246989207661e-05
6.261832685481360313e-05
6.340373292757697646e-05
6.419941886924507497e-05
6.500552481752013597e-05
6.582219287200887197e-05
6.664956717974403980e-05
6.748779390455057932e-05
6.833702130287715279e-05
6.919739972124992321e-05
7.006908163443904575e-05
7.095222171416740544e-05
7.184697680132793652e-05
7.275350597434514439e-05
7.367197059225940258e-05
7.460253427617527782e-05
7.554536300872345905e-05
7.650062511850082997e-05
7.746849135745282407e-05
7.844913488512285382e-05
7.944273133785490241e-05
8.044945887944609402e-05
8.146949819346241092e-05
8.250303256085909866e-05
8.355024787923372501e-05
8.461133270412920051e-05
8.568647829640833121e-05
8.677587864081908679e-05
8.787973051707760554e-05
8.899823352109145183e-05
9.013159009000976855e-05
9.128000561237652373e-05
9.244368836570926451e-05
9.362284967310026255e-05
9.481770385740389000e-05
9.602846834488126500e-05
9.725536366712132243e-05
9.849861354721116966e-05
9.975844492425769039e-05
1.010350879983887111e-04
1.023287763007196165e-04
1.036397467075055761e-04
1.049682395378230776e-04
1.063144985589587507e-04
1.076787710734064269e-04
1.090613079311677521e-04
1.104623636443794610e-04
1.118821963562391267e-04
1.133210679975317671e-04
1.147792442465075881e-04
1.162569946549170982e-04
1.177545926590106782e-04
1.192723156783331162e-04
1.208104451374923541e-04
1.223692665583319056e-04
1.239490695808035097e-04
1.255501480882245332e-04
1.271728002002257103e-04
1.288173283861924893e-04
1.304840395100494404e-04
1.321732448912041271e-04
1.338852603921288217e-04
1.356204064727821695e-04
1.373790082417955386e-04
1.391613955805175390e-04
1.409679031446742074e-04
1.427988704974921474e-04
1.446546421350789434e-04
1.465355676071287982e-04
1.484420015507801336e-04
1.503743037968825822e-04
1.523328394295147539e-04
1.543179788708669113e-04
1.563300979750567945e-04
1.583695780877809878e-04
1.604368061388973825e-04
1.625321747371081464e-04
1.646560822369769704e-04
1.668089328438782126e-04
1.689911366806685011e-04
1.712031099045722125e-04
1.734452747785389154e-04
1.757180597577186578e-04
1.780218996171267732e-04
1.803572354946528255e-04
1.827245150529997557e-04
1.851241925107869322e-04
1.875567287857563166e-04
1.900225915878275037e-04
1.925222555183733709e-04
1.950562021713354833e-04
1.976249202447004057e-04
2.002289056337377016e-04
2.028686615759374347e-04
2.055446987269178734e-04
2.082575352864063953e-04
2.110076970932935243e-04
2.137957178061492046e-04
2.166221389275936322e-04
2.194875100068804312e-04
2.223923886948114934e-04
2.253373409385105110e-04
2.283229410334104703e-04
2.313497717985284858e-04
2.344184247046862592e-04
2.375294999716816996e-04
2.406836067429437285e-04
2.438813632048114600e-04
2.471233966932603518e-04
2.504103439002631484e-04
2.537428509413661420e-04
2.571215735715234678e-04
2.605471772734728356e-04
2.640203374431446715e-04
2.675417395111736435e-04
2.711120791219042347e-04
2.747320622807436843e-04
2.784024054996722198e-04
2.821238359846948355e-04
2.858970917681409553e-04
2.897229218925588350e-04
2.936020865780450927e-04
2.975353573888596392e-04
3.015235173961675150e-04
3.055673613963366003e-04
3.096676960022813770e-04
3.138253399374240195e-04
3.180411241318396539e-04
3.223158919530590399e-04
3.266504993756716717e-04
3.310458151914986405e-04
3.355027211683330054e-04
3.400221123197946240e-04
3.446048970238502554e-04
3.492519972849770604e-04
3.539643489249754077e-04
3.587429017874968376e-04
3.635886199717912738e-04
3.685024820038754418e-04
3.734854811177545832e-04
3.785386254593337799e-04
3.836629382867717385e-04
3.888594582387801713e-04
3.941292395324635868e-04
3.994733522525641014e-04
4.048928825325841881e-04
4.103889328575365805e-04
4.159626222678217155e-04
4.216150866452063849e-04
4.273474789604080775e-04
4.331609695166203401e-04
4.390567462308971221e-04
4.450360149209784603e-04
4.510999995272469928e-04
4.572499424533300709e-04
4.634871047922101226e-04
4.698127666548937648e-04
4.762282274277200838e-04
4.827348060756865220e-04
4.893338414688614942e-04
4.960266926272446182e-04
5.028147391140477167e-04
5.096993812524536118e-04
5.166820405224343367e-04
5.237641598219286085e-04
5.309472038390552649e-04
5.382326593679004822e-04
5.456220356424388174e-04
5.531168646749734215e-04
5.607187016039348691e-04
5.684291250680184029e-04
5.762497375393735733e-04
5.841821656758880866e-04
5.922280607313279346e-04
6.003890988847456617e-04
6.086669816530591902e-04
6.170634362520714114e-04
6.255802160093679827e-04
6.342191007215754964e-04
6.429818971189762630e-04
6.518704391983239001e-04
6.608865887114533533e-04
6.700322355243952185e-04
6.793092980728897322e-04
6.887197238009402618e-04
6.982654895848171284e-04
7.079486021726205973e-04
7.177710986620410710e-04
7.277350469334710774e-04
7.378425461066981123e-04
7.480957270657466376e-04
7.584967528817846902e-04
7.690478192951872736e-04
7.797511552815034443e-04
7.906090234413083078e-04
8.016237206140240787e-04
8.127975783114383193e-04
8.241329632725986117e-04
8.356322780045719436e-04
8.472979612904747411e-04
8.591324887365477331e-04
8.711383733605795746e-04
8.833181660781173113e-04
8.956744563675024398e-04
9.082098727327032623e-04
9.209270833858066016e-04
9.338287967699827191e-04
9.469177621976738188e-04
9.601967704533562447e-04
9.736686543635055631e-04
9.873362894854578568e-04
1.001202594709670914e-03
1.015270532890593823e-03
1.029543111510496751e-03
1.044023383350037521e-03
1.058714447108694782e-03
1.073619448166963225e-03
1.088741579180442162e-03
1.104084080811657464e-03
1.119650242454743377e-03
1.135443402914735299e-03
1.151466951174317556e-03
1.167724327069376766e-03
1.184219022060613779e-03
1.200954579990331974e-03
1.217934597844372259e-03
1.235162726509890160e-03
1.252642671550831428e-03
1.270378194023928610e-03
1.288373111264911773e-03
1.306631297698352236e-03
1.325156685638860868e-03
1.343953266177112631e-03
1.363025089971489374e-03
1.382376268114384474e-03
1.402010973000053550e-03
1.421933439197273609e-03
1.442147964320934913e-03
1.462658909951808708e-03
1.483470702493217214e-03
1.504587834153659062e-03
1.526014863803532408e-03
1.547756417964875992e-03
1.569817191729634166e-03
1.592201949729042058e-03
1.614915527100083386e-03
1.637962830458290862e-03
1.661348838911908899e-03
1.685078605025857766e-03
1.709157255877312822e-03
1.733589994058591524e-03
1.758382098676842045e-03
1.783538926486031651e-03
1.809065912856494497e-03
1.834968572882091781e-03
1.861252502465091541e-03
1.887923379383457277e-03
1.914986964402507538e-03
1.942449102384922110e-03
1.970315723412836839e-03
1.998592843913707135e-03
2.027286567815524305e-03
2.056403087665576671e-03
2.085948685845190765e-03
2.115929735719743708e-03
2.146352702782496503e-03
2.177224145904815746e-03
2.208550718537765408e-03
2.240339169886571870e-03
2.272596346151518031e-03
2.305329191767648261e-03
2.338544750655151445e-03
2.372250167433477899e-03
2.406452688714926999e-03
2.441159664376581131e-03
2.476378548791930301e-03
2.512116902183902239e-03
2.548382391840932609e-03
2.585182793490782734e-03
2.622525992546369429e-03
2.660419985490888352e-03
2.698872881111012874e-03
2.737892901905053696e-03
2.777488385357143597e-03
2.817667785350762549e-03
2.858439673406032704e-03
2.899812740134036834e-03
2.941795796538242570e-03
2.984397775371923529e-03
3.027627732517641779e-03
3.071494848344807731e-03
3.116008429073359280e-03
3.161177908135169752e-03
3.207012847556811163e-03
3.253522939328549416e-03
3.300718006764692767e-03
3.348608005876950715e-03
3.397203026747088166e-03
3.446513294876431873e-03
3.496549172577931817e-03
3.547321160291190024e-03
3.598839897970076713e-03
3.651116166424051013e-03
3.704160888639261313e-03
3.757985131139977928e-03
3.812600105309042926e-03
3.868017168677962293e-03
3.924247826268659894e-03
3.981303731844540103e-03
4.039196689232940791e-03
4.097938653569202852e-03
4.157541732567137868e-03
4.218018187702760047e-03
4.279380435500583675e-03
4.341641048675288009e-03
4.404812757352420498e-03
4.468908450175421848e-03
4.533941175463443787e-03
4.599924142355076538e-03
4.666870721778328124e-03
4.734794447617336928e-03
4.803709017660339094e-03
4.873628294609392078e-03
4.944566307033871483e-03
5.016537250247104889e-03
5.089555487258463559e-03
5.163635549544067990e-03
5.238792137862051564e-03
5.315040123022294651e-03
5.392394546551738770e-03
5.470870621352504244e-03
5.550483732355006652e-03
5.631249436976147604e-03
5.713183465696753879e-03
5.796301722410805886e-03
5.880620284865942064e-03
5.966155404894346245e-03
6.052923508698647426e-03
6.140941196982457710e-03
6.230225245054026376e-03
6.320792602822439092e-03
6.412660394729372167e-03
6.505845919596814179e-03
6.600366650387837208e-03
6.696240233819645074e-03
6.793484490028121187e-03
6.892117411940183909e-03
6.992157164706965661e-03
7.093622084925572599e-03
7.196530679793190083e-03
7.300901626170006736e-03
7.406753769470942987e-03
7.514106122430419532e-03
7.622977863797520022e-03
7.733388336889231683e-03
7.845357047918279439e-03
7.958903664289739346e-03
8.074048012689476542e-03
8.190810077030669795e-03
8.309209996230871795e-03
8.429268061889969021e-03
8.551004715684745044e-03
8.674440546706825919e-03
8.799596288538057837e-03
8.926492816193372717e-03
9.055151142843574641e-03
9.185592416339278393e-03
9.317837915541535634e-03
9.451909046477037155e-03
9.587827338183233308e-03
9.725614438449914009e-03
9.865292109256990072e-03
1.000688222193115394e-02
1.015040675223692970e-02
1.029588777501637756e-02
1.044334745868829434e-02
1.059280805948740155e-02
1.074429191534088945e-02
1.089782143957125811e-02
1.105341911430274271e-02
1.121110748347666636e-02
1.137090914570546354e-02
1.153284674669659976e-02
1.169694297146865389e-02
1.186322053614639709e-02
1.203170217952450639e-02
1.220241065418362081e-02
1.237536871737023730e-02
1.255059912145758440e-02
1.272812460402907020e-02
1.290796787768310090e-02
1.309015161933936924e-02
1.327469845927172452e-02
1.346163096964262187e-02
1.365097165274549267e-02
1.384274292875130839e-02
1.403696712305789289e-02
1.423366645328470043e-02
1.443286301569621927e-02
1.463457877132483438e-02
1.483883553157500784e-02
1.504565494336298700e-02
1.525505847382326551e-02
1.546706739455339097e-02
1.568170276533076626e-02
1.589898541744022217e-02
1.611893593637535316e-02
1.634157464416320996e-02
1.656692158116313679e-02
1.679499648725999231e-02
1.702581878269696439e-02
1.725940754826742196e-02
1.749578150503361407e-02
1.773495899349501054e-02
1.797695795225555740e-02
1.822179589612039907e-02
1.846948989365571406e-02
1.872005654422249227e-02
1.897351195446561958e-02
1.922987171419968458e-02
1.948915087184033279e-02
1.975136390915490509e-02
2.001652471567572783e-02
2.028464656227049051e-02
2.055574207440540382e-02
2.082982320480595770e-02
2.110690120547798268e-02
2.138698659927468909e-02
2.167008915092698274e-02
2.195621783752195119e-02
2.224538081841299225e-02
2.253758540476415162e-02
2.283283802834460904e-02
2.313114421007076912e-02
2.343250852789697039e-02
2.373693458427488315e-02
2.404442497317099345e-02
2.435498124659990146e-02
2.466860388073191870e-02
2.498529224163208856e-02
2.530504455043342676e-02
2.562785784839156922e-02
2.595372796128803811e-02
2.628264946377733072e-02
2.661461564312231007e-02
2.694961846288774360e-02
2.728764852631465274e-02
2.762869503923712916e-02
2.797274577321815989e-02
2.831978702803016057e-02
2.866980359444038645e-02
2.902277871650498289e-02
2.937869405409418780e-02
2.973752964525533740e-02
3.009926386852209562e-02
3.046387340547912145e-02
3.083133320318752479e-02
3.120161643695336384e-02
3.157469447320022243e-02
3.195053683258380212e-02
3.232911115346424891e-02
3.271038315561880516e-02
3.309431660450780355e-02
3.348087327586547757e-02
3.387001292094998089e-02
3.426169323232555047e-02
3.465586981022229784e-02
3.505249612979245699e-02
3.545152350897502747e-02
3.585290107733975912e-02
3.625657574581096776e-02
3.666249217738979521e-02
3.707059275905076612e-02
3.748081757457737140e-02
3.789310437892282057e-02
3.830738857361296740e-02
3.872360318373131716e-02
3.914167883630349093e-02
3.956154374022300552e-02
3.998312366790832129e-02
4.040634193855927037e-02
4.083111940341539042e-02
4.125737443265789506e-02
4.168502290468733412e-02
4.211397819699116279e-02
4.254415117963287335e-02
4.297545021074000021e-02
4.340778113436170177e-02
4.384104728095538500e-02
4.427514946999657613e-02
4.470998601568357961e-02
4.514545273491023247e-02
4.558144295833477244e-02
4.601784754403905053e-02
4.645455489437223112e-02
4.689145097558702902e-02
4.732841934080005836e-02
4.776534115594373298e-02
4.820209522901110211e-02
4.863855804268686633e-02
4.907460379023273478e-02
4.951010441497580294e-02
4.994492965309377253e-02
5.037894708010293848e-02
5.081202216095093149e-02
5.124401830366304145e-02
5.167479691662712343e-02
5.210421746995944070e-02
5.253213756003898005e-02
5.295841297837423911e-02
5.338289778390736817e-02
5.380544437929690033e-02
5.422590359082778838e-02
5.464412475235120442e-02
5.505995579287506492e-02
5.547324332783130224e-02
5.588383275443101206e-02
5.629156835023664540e-02
5.669629337591575169e-02
5.709785018120569489e-02
5.749608031462277030e-02
5.789082463676306634e-02
5.828192343671108333e-02
5.866921655207565922e-02
5.905254349212237658e-02
5.943174356401372677e-02
5.980665600212407146e-02
6.017712010023424513e-02
6.054297534644707129e-02
6.090406156074919947e-02
6.126021903505272925e-02
6.161128867553794519e-02
6.195711214702741276e-02
6.229753201954929542e-02
6.263239191647666793e-02
6.296153666430874540e-02
6.328481244374968562e-02
6.360206694222286794e-02
6.391314950696720676e-02
6.421791129916035179e-02
6.451620544829610171e-02
6.480788720690695837e-02
6.509281410547324009e-02
6.537084610673624119e-02
6.564184575976253488e-02
6.590567835316941958e-02
6.616221206739036909e-02
6.641131812552911184e-02
6.665287094270375134e-02
6.688674827373501663e-02
6.711283135834786306e-02
6.733100506447087241e-02
6.754115802838460414e-02
6.774318279240999774e-02
6.793697593911791899e-02
6.812243822218282119e-02
6.829947469340694188e-02
6.846799482592216823e-02
6.862791263294656940e-02
6.877914678233773560e-02
6.892162070605035995e-02
6.905526270476955442e-02
6.918000604747703841e-02
6.929578906540896643e-02
6.940255524024059597e-02
6.950025328684994452e-02
6.958883722954674333e-02
6.966826647247965909e-02
6.973850586327115519e-02
6.979952575052530972e-02
6.985130203414867400e-02
6.989381620934632944e-02
6.992705540335639181e-02
6.995101240504612850e-02
6.996568568783112507e-02
6.997107942478646148e-02
6.996720349702022224e-02
6.995407349449402068e-02
6.993171070933043576e-02
6.990014212232727175e-02
6.985940038144351771e-02
6.980952377359447847e-02
6.975055618883667374e-02
6.968254707733281816e-02
6.960555139939525460e-02
6.951962956820885442e-02
6.942484738580063930e-02
6.932127597214857162e-02
6.920899168754400532e-02
6.908807604826504301e-02
6.895861563628764845e-02
6.882070200233195156e-02
6.867443156308508656e-02
6.851990549273760667e-02
6.835722960861663478e-02
6.818651425170504932e-02
6.800787416194782609e-02
6.782142834861094871e-02
6.762729995602421995e-02
6.742561612503236712e-02
6.721650785018393193e-02
6.700010983329285352e-02
6.677656033340396979e-02
6.654600101329080641e-02
6.630857678338597516e-02
6.606443564282325764e-02
6.581372851800076917e-02
6.555660909943368531e-02
6.529323367663458777e-02
6.502376097143602873e-02
6.474835197048042779e-02
6.446716975655464310e-02
6.418037933964351738e-02
6.388814748743178173e-02
6.359064255608525007e-02
6.328803432117079131e-02
6.298049380940549946e-02
6.266819313097832245e-02
6.235130531319701963e-02
6.203000413547606062e-02
6.170446396607832951e-02
6.137485960053257195e-02
6.104136610233026894e-02
6.070415864593663169e-02
6.036341236238980390e-02
6.001930218765307024e-02
5.967200271376864318e-02
5.932168804361794001e-02
5.896853164831690475e-02
5.861270622880762615e-02
5.825438358049266074e-02
5.789373446208473384e-02
5.753092846802650151e-02
5.716613390513609894e-02
5.679951767327551249e-02
5.643124515030892296e-02
5.606148008120356852e-02
5.569038447176231921e-02
5.531811848647621987e-02
5.494484035115272669e-02
5.457070625974197453e-02
5.419587028609139379e-02
5.382048429991570515e-02
5.344469788747321926e-02
5.306865827695017579e-02
5.269251026817842187e-02
5.231639616692061734e-02
5.194045572399011435e-02
5.156482607833468013e-02
5.118964170499652744e-02
5.081503436721139522e-02
5.044113307297454218e-02
5.006806403571630038e-02
4.969595063931443735e-02
4.932491340716924078e-02
4.895506997530836568e-02
4.858653506933235944e-02
4.821942048552178839e-02
4.785383507533401415e-02
4.748988473381524078e-02
4.712767239144557974e-02
4.676729800953856320e-02
4.640885857882907917e-02
4.605244812154810075e-02
4.569815769631113689e-02
4.534607540624714661e-02
4.499628640998627749e-02
4.464887293529479217e-02
4.430391429556014560e-02
4.396148690866824582e-02
4.362166431835096114e-02
4.328451721796744422e-02
4.295011347626651044e-02
4.261851816533476778e-02
4.228979359069406918e-02
4.196399932282837697e-02
4.164119223092066502e-02
4.132142651788392462e-02
4.100475375705403547e-02
4.069122293032592652e-02
4.038088046753179894e-02
4.007377028710998323e-02
3.976993383775911939e-02
3.946941014122684610e-02
3.917223583600401571e-02
3.887844522180300411e-02
3.858807030475766564e-02
3.830114084336574964e-02
3.801768439489275342e-02
3.773772636227537558e-02
3.746129004160436704e-02
3.718839666960044310e-02
3.691906547173898212e-02
3.665331371019778239e-02
3.639115673221768321e-02
3.613260801831399971e-02
3.587767923063020503e-02
3.562638026114936518e-02
3.537871927972516262e-02
3.513470278216843101e-02
3.489433563779939518e-02
3.465762113698950264e-02
3.442456103824181879e-02
3.419515561499039680e-02
3.396940370197637504e-02
3.374730274110018802e-02
3.352884882697540481e-02
3.331403675192398661e-02
3.310286005028459377e-02
3.289531104232884529e-02
3.269138087766756962e-02
3.249105957769601871e-02
3.229433607783785409e-02
3.210119826881074889e-02
3.191163303740626733e-02
3.172562630648564919e-02
3.154316307433027711e-02
3.136422745325662120e-02
3.118880270747137473e-02
3.101687129029168100e-02
3.084841488056044856e-02
3.068341441822206028e-02
3.052185013935337921e-02
3.036370161024759540e-02
3.020894776084928623e-02
3.005756691733252328e-02
2.990953683407529540e-02
2.976483472464860891e-02
2.962343729225047628e-02
2.948532075925172635e-02
2.935046089608261966e-02
2.921883304922087699e-02
2.909041216866276036e-02
2.896517283440189217e-02
2.884308928238765724e-02
2.872413542958154875e-02
2.860828489843758593e-02
2.849551104060557560e-02
2.838578695989538159e-02
2.827908553460975472e-02
2.817537943919021237e-02
2.807464116512739527e-02
2.797684304130590438e-02
2.788195725354075671e-02
2.778995586368709914e-02
2.770081082787562154e-02
2.761449401434204476e-02
2.753097722046210505e-02
2.745023218938061338e-02
2.737223062583560296e-02
2.729694421156961259e-02
2.722434462015116408e-02
2.715440353117173911e-02
2.708709264397785033e-02
2.702238369078208136e-02
2.696024844942024323e-02
2.690065875541811091e-02
2.684358651369733728e-02
2.678900370971584732e-02
2.673688242019883754e-02
2.668719482339099169e-02
2.663991320883338232e-02
2.659500998674485528e-02
2.655245769696626401e-02
2.651222901747449234e-02
2.647429677255647151e-02
2.643863394049400517e-02
2.640521366094675249e-02
2.637400924193969431e-02
2.634499416649671577e-02
2.631814209892377465e-02
2.629342689076941131e-02
2.627082258640708878e-02
2.625030342838508002e-02
2.623184386237389920e-02
2.621541854188128018e-02
2.620100233270000745e-02
2.618857031693594406e-02
2.617809779696320116e-02
2.616956029897685165e-02
2.616293357629584371e-02
2.615819361255142250e-02
2.615531662445921834e-02
2.615427906450112916e-02
2.615505762331230000e-02
2.615762923188769129e-02
2.616197106357354141e-02
2.616806053589576520e-02
2.617587531206569396e-02
2.618539330256908215e-02
2.619659266622081928e-02
2.620945181141046132e-02
2.622394939688632576e-02
2.624006433256387272e-02
2.625777578015367486e-02
2.627706315359856770e-02
2.629790611935467481e-02
2.632028459662386077e-02
2.634417875744046733e-02
2.636956902653253554e-02
2.639643608116568063e-02
2.642476085092104743e-02
2.645452451718877107e-02
2.648570851271694893e-02
2.651829452103571239e-02
2.655226447571129578e-02
2.658760055960704416e-02
2.662428520395707099e-02
2.666230108749889638e-02
2.670163113539791855e-02
2.674225851812331300e-02
2.678416665035515676e-02
2.682733918966950792e-02
2.687176003532409929e-02
2.691741332682198728e-02
2.696428344256540655e-02
2.701235499837084664e-02
2.706161284591820926e-02
2.711204207127282384e-02
2.716362799319929633e-02
2.721635616158984972e-02
2.727021235573307001e-02
2.732518258259652999e-02
2.738125307512329076e-02
2.743841029038962542e-02
2.749664090783907056e-02
2.755593182739851654e-02
2.761627016768797294e-02
2.767764326403951425e-02
2.774003866669663698e-02
2.780344413879504151e-02
2.786784765448566126e-02
2.793323739695707797e-02
2.799960175643712024e-02
2.806692932830895382e-02
2.813520891096349397e-02
2.820442950393631243e-02
2.827458030586066373e-02
2.834565071241357259e-02
2.841763031431396302e-02
2.849050889535548192e-02
2.856427643028319752e-02
2.863892308287499522e-02
2.871443920380439829e-02
2.879081532873931093e-02
2.886804217616667501e-02
2.894611064552937707e-02
2.902501181509253847e-02
2.910473694000062506e-02
2.918527745020271791e-02
2.926662494850268414e-02
2.934877120860587829e-02
2.943170817299584074e-02
2.951542795107814365e-02
2.959992281717852003e-02
2.968518520857221787e-02
2.977120772352376266e-02
2.985798311937876148e-02
2.994550431059325724e-02
3.003376436684981887e-02
3.012275651117363173e-02
3.021247411796532112e-02
3.030291071121071766e-02
3.039405996251368092e-02
3.048591568937178420e-02
3.057847185322301597e-02
3.067172255768330080e-02
3.076566204669034521e-02
3.086028470278279201e-02
3.095558504525794397e-02
3.105155772842316253e-02
3.114819753983685824e-02
3.124549939862233949e-02
3.134345835368104738e-02
3.144206958204456837e-02
3.154132838718848308e-02
3.164123019732192899e-02
3.174177056376736861e-02
3.184294515932301062e-02
3.194474977663563919e-02
3.204718032662895455e-02
3.215023283685211619e-02
3.225390344998094183e-02
3.235818842222890068e-02
3.246308412182749570e-02
3.256858702749276802e-02
3.267469372693343477e-02
3.278140091539372136e-02
3.288870539414762151e-02
3.299660406905560728e-02
3.310509394914909476e-02
3.321417214521144023e-02
3.332383586835893641e-02
3.343408242871548364e-02
3.354490923396930002e-02
3.365631378807534824e-02
3.376829368994041514e-02
3.388084663203186353e-02
3.399397039918414243e-02
3.410766286722488605e-02
3.422192200177448518e-02
3.433674585694851400e-02
3.445213257417117925e-02
3.456808038094713598e-02
3.468458758962983390e-02
3.480165259627313046e-02
3.491927387946555661e-02
3.503744999914723546e-02
3.515617959549965921e-02
3.527546138785975227e-02
3.539529417350903429e-02
3.551567682668482773e-02
3.563660829748738212e-02
3.575808761080434550e-02
3.588011386523176638e-02
3.600268623213040420e-02
3.612580395455367022e-02
3.624946634624148789e-02
3.637367279068701165e-02
3.649842274011314003e-02
3.662371571456352060e-02
3.674955130091375755e-02
3.687592915197976384e-02
3.700284898561223557e-02
3.713031058373214566e-02
3.725831379155358780e-02
3.738685851661927018e-02
3.751594472796437874e-02
3.764557245529778773e-02
3.777574178816245354e-02
3.790645287507846128e-02
3.803770592280750207e-02
3.816950119549245013e-02
3.830183901391143175e-02
3.843471975470066915e-02
3.856814384960161046e-02
3.870211178473928482e-02
3.883662409985208508e-02
3.897168138757359235e-02
3.910728429279072826e-02
3.924343351185272111e-02
3.938012979199170815e-02
3.951737393054557956e-02
3.965516677436817239e-02
3.979350921916313677e-02
3.993240220884902714e-02
4.007184673492092397e-02
4.021184383581552502e-02
4.035239459637338100e-02
4.049350014719010904e-02
4.063516166401617835e-02
4.077738036723302373e-02
4.092015752125630068e-02
4.106349443402934618e-02
4.120739245637439208e-02
4.135185298157276201e-02
4.149687744483751550e-02
4.164246732267160023e-02
4.178862413252090735e-02
4.193534943217405719e-02
4.208264481932177947e-02
4.223051193108159906e-02
4.237895244352252178e-02
4.252796807119318956e-02
4.267756056667779130e-02
4.282773172020748476e-02
4.297848335912263229e-02
4.312981734757442842e-02
4.328173558600101334e-02
4.343424001079440600e-02
4.358733259385641490e-02
4.374101534225516286e-02
4.389529029780875335e-02
4.405015953669322304e-02
4.420562516915457763e-02
4.436168933904735545e-02
4.451835422355013283e-02
4.467562203285327382e-02
4.483349500970790213e-02
4.499197542923161208e-02
4.515106559848866552e-02
4.531076785622978331e-02
4.547108457255907843e-02
4.563201814864609185e-02
4.579357101645170625e-02
4.595574563837426241e-02
4.611854450708302577e-02
4.628197014513307783e-02
4.644602510476061874e-02
4.661071196763316715e-02
4.677603334453384054e-02
4.694199187518094396e-02
4.710859022797123097e-02
4.727583109971622566e-02
4.744371721543405584e-02
4.761225132817945016e-02
4.778143621866903779e-02
4.795127469528828734e-02
4.812176959369945939e-02
4.829292377678262582e-02
4.846474013433729744e-02
4.863722158291935993e-02
4.881037106574045992e-02
4.898419155235575473e-02
4.915868603860840125e-02
4.933385754639710297e-02
4.950970912355467934e-02
4.968624384365377677e-02
4.986346480586462127e-02
5.004137513486134337e-02
5.021997798059299467e-02
5.039927651822109778e-02
5.057927394792188780e-02
5.075997349485855681e-02
5.094137840891757585e-02
5.112349196476420610e-02
5.130631746153024864e-02
5.148985822289037229e-02
5.167411759685047734e-02
5.185909895567136774e-02
5.204480569577160654e-02
5.223124123764424920e-02
5.241840902580827133e-02
5.260631252857611573e-02
5.279495523822022585e-02
5.298434067064344832e-02
5.317447236549005529e-02
5.336535388598614982e-02
5.355698881889803253e-02
5.374938077450444607e-02
5.394253338647514440e-02
5.413645031186048451e-02
5.433113523109142640e-02
5.452659184779565238e-02
5.472282388892593663e-02
5.491983510457279505e-02
5.511762926803040474e-02
5.531621017571680676e-02
5.551558164717737553e-02
5.571574752500155214e-02
5.591671167488182492e-02
5.611847798554087108e-02
5.632105036873849557e-02
5.652443275925081445e-02
5.672862911483902981e-02
5.693364341631534931e-02
5.713947966747359719e-02
5.734614189508227544e-02
5.755363414894701379e-02
5.776196050190710030e-02
5.797112504974180625e-02
5.818113191134385853e-02
5.839198522863617291e-02
5.860368916656144567e-02
5.881624791320358425e-02
5.902966567972178780e-02
5.924394670040258881e-02
5.945909523273271158e-02
5.967511555733662210e-02
5.989201197810489763e-02
6.010978882217341002e-02
6.032845043998230627e-02
6.054800120527600860e-02
6.076844551520035886e-02
6.098978779036506870e-02
6.121203247478820830e-02
6.143518403605233158e-02
6.165924696530794558e-02
6.188422577730473551e-02
6.211012501053381207e-02
6.233694922717566977e-02
6.256470301323896477e-02
6.279339097859867880e-02
6.302301775706203868e-02
6.325358800641014967e-02
6.348510640854371223e-02
6.371757766945873591e-02
6.395100651936796998e-02
6.418539771279804795e-02
6.442075602860683481e-02
6.465708627008751042e-02
6.489439326510040851e-02
6.513268186607995558e-02
6.537195695014222374e-02
6.561222341920636136e-02
6.585348620000847086e-02
6.609575024429242829e-02
6.633902052878906663e-02
6.658330205544515934e-02
6.682859985132627578e-02
6.707491896892903149e-02
6.732226448611516867e-02
6.757064150629196742e-02
6.782005515848510413e-02
6.807051059744967381e-02
6.832201300378121234e-02
6.857456758401284103e-02
6.882817957069853332e-02
6.908285422259699549e-02
6.933859682467860552e-02
6.959541268830582439e-02
6.985330715133380997e-02
7.011228557824919494e-02
7.037235336020825072e-02
7.063351591522423756e-02
7.089577868826454909e-02
7.115914715138602076e-02
7.142362680385289098e-02
7.168922317217843454e-02
7.195594181037823223e-02
7.222378830003262085e-02
7.249276825041159333e-02
7.276288729856500437e-02
7.303415110954114553e-02
7.330656537647348148e-02
7.358013582066391667e-02
7.385486819178749274e-02
7.413076826797565522e-02
7.440784185597931755e-02
7.468609479130763895e-02
7.496553293831823006e-02
7.524616219045654475e-02
7.552798847022465512e-02
7.581101772951778783e-02
7.609525594962085471e-02
7.638070914142702783e-02
7.666738334553141465e-02
7.695528463239412198e-02
7.724441910252066723e-02
7.753479288654177570e-02
7.782641214539032237e-02
7.811928307049909037e-02
7.841341188387015992e-02
7.870880483823103346e-02
7.900546821723933300e-02
7.930340833562851688e-02
7.960263153928767710e-02
7.990314420547664498e-02
8.020495274298211630e-02
8.050806359225642916e-02
8.081248322553899466e-02
8.111821814709568867e-02
8.142527489328824086e-02
8.173366003276505420e-02
8.204338016663120792e-02
8.235444192861152146e-02
8.266685198520667965e-02
8.298061703578690773e-02
8.329574381287993545e-02
8.361223908224385548e-02
8.393010964298855403e-02
8.424936232791224722e-02
8.457000400343903102e-02
8.489204156995888706e-02
8.521548196192482716e-02
8.554033214800207952e-02
8.586659913127625554e-02
8.619428994935743327e-02
8.652341167464383531e-02
8.685397141441203450e-02
8.718597631097307898e-02
8.751943354191188407e-02
8.785435032020519341e-02
8.819073389440545974e-02
8.852859154881431714e-02
8.886793060361788954e-02
8.920875841514699922e-02
8.955108237591880016e-02
8.989490991493168104e-02
9.024024849774506252e-02
9.058710562672919742e-02
9.093548884114149855e-02
9.128540571741797227e-02
9.163686386924260741e-02
9.198987094780411433e-02
9.234443464183755834e-02
9.270056267801640715e-02
9.305826282090395862e-02
9.341754287324824380e-02
9.377841067614162140e-02
9.414087410919078081e-02
9.450494109066592818e-02
9.487061957770548393e-02
9.523791756647914664e-02
9.560684309235442657e-02
9.597740423013603750e-02
9.634960909410059116e-02
9.672346583835395029e-02
9.709898265686245367e-02
9.747616778367496071e-02
9.785502949312407939e-02
9.823557609998923024e-02
9.861781595963889369e-02
9.900175746824224632e-02
9.938740906295304156e-02
9.977477922203450977e-02
1.001638764650952806e-01
1.005547093532108138e-01
1.009472864891454436e-01
1.013416165174980954e-01
1.017377081248653503e-01
1.021355700400877753e-01
1.025352110343193124e-01
1.029366399212562622e-01
1.033398655573489200e-01
1.037448968419230066e-01
1.041517427173010990e-01
1.045604121691183497e-01
1.049709142264231010e-01
1.053832579617254572e-01
1.057974524914170877e-01
1.062135069757400019e-01
1.066314306190155325e-01
1.070512326699010752e-01
1.074729224213866186e-01
1.078965092111278112e-01
1.083220024215292288e-01
1.087494114799247846e-01
1.091787458587512027e-01
1.096100150756937341e-01
1.100432286939290183e-01
1.104783963221875331e-01
1.109155276149478841e-01
1.113546322726657878e-01
1.117957200418850938e-01
1.122388007153071743e-01
1.126838841321725626e-01
1.131309801782262592e-01
1.135800987859467148e-01
1.140312499346984865e-01
1.144844436509404040e-01
1.149396900082533257e-01
1.153969991276246332e-01
1.158563811775592534e-01
1.163178463742184365e-01
1.167814049815238397e-01
1.172470673114489603e-01
1.177148437240260748e-01
1.181847446275613445e-01
1.186567804787458380e-01
1.191309617828914535e-01
1.196072990938684688e-01
1.200858030145565691e-01
1.205664841966644363e-01
1.210493533411183265e-01
1.215344211980481925e-01
1.220216985669611565e-01
1.225111962968733481e-01
1.230029252865388889e-01
1.234968964844429529e-01
1.239931208889405445e-01
1.244916095484716045e-01
1.249923735616165210e-01
1.254954240773042962e-01
1.260007722947986686e-01
1.265084294638785245e-01
1.270184068850183090e-01
1.275307159094296594e-01
1.280453679391724275e-01
1.285623744272934577e-01
1.290817468779237309e-01
1.296034968463824488e-01
1.301276359392672388e-01
1.306541758145651766e-01
1.311831281817915640e-01
1.317145048019760512e-01
1.322483174878569256e-01
1.327845781039505013e-01
1.333232985665858128e-01
1.338644908440364545e-01
1.344081669566038473e-01
1.349543389766866275e-01
1.355030190287667691e-01
1.360542192896732616e-01
1.366079519884502713e-01
1.371642294065514300e-01
1.377230638778467742e-01
1.382844677886921336e-01
1.388484535779846429e-01
1.394150337372043746e-01
1.399842208104837282e-01
1.405560273946074301e-01
1.411304661390958004e-01
1.417075497462463862e-01
1.422872909710992673e-01
1.428697026215619559e-01
1.434547975582914359e-01
1.440425886948953904e-01
1.446330889978419965e-01
1.452263114863974747e-01
1.458222692327995618e-01
1.464209753621256715e-01
1.470224430523622838e-01
1.476266855343702500e-01
1.482337160918986707e-01
1.488435480614738737e-01
1.494561948325104361e-01
1.500716698471724064e-01
1.506899866004426936e-01
1.513111586399495945e-01
1.519351995660708776e-01
1.525621230317325550e-01
1.531919427425823543e-01
1.538246724565942025e-01
1.544603259842972087e-01
1.550989171886368867e-01
1.557404599847114768e-01
1.563849683399454182e-01
1.570324562738534269e-01
1.576829378579225338e-01
1.583364272156120856e-01
1.589929385222080271e-01
1.596524860045731020e-01
1.603150839412509354e-01
1.609807466621537841e-01
1.616494885485070254e-01
1.623213240326826234e-01
1.629962675980395348e-01
1.636743337787502361e-01
1.643555371596966408e-01
1.650398923761994818e-01
1.657274141139281065e-01
1.664181171086437372e-01
1.671120161459982434e-01
1.678091260613467917e-01
1.685094617395813121e-01
1.692130381148113094e-01
1.699198701701765124e-01
1.706299729375831964e-01
1.713433614975168329e-01
1.720600509786396337e-01
1.727800565577211622e-01
1.735033934591664884e-01
1.742300769548288386e-01
1.749601223636973457e-01
1.756935450515362263e-01
1.764303604306627360e-01
1.771705839595516530e-01
1.779142311424050660e-01
1.786613175290413524e-01
1.794118587142914945e-01
1.801658703377354009e-01
1.809233680833202684e-01
1.816843676789373085e-01
1.824488848960401088e-01
1.832169355492074825e-01
1.839885354956924401e-01
1.847637006350058564e-01
1.855424469084931971e-01
1.863247902987585913e-01
1.871107468293456422e-01
1.879003325640504762e-01
1.886935636066372490e-01
1.894904561000887444e-01
1.902910262262594299e-01
1.910952902051815672e-01
1.919032642946558176e-01
1.927149647895434748e-01
1.935304080212113531e-01
1.943496103570391265e-01
1.951725881996282941e-01
1.959993579862054358e-01
1.968299361881711840e-01
1.976643393101495949e-01
1.985025838894538541e-01
1.993446864954478981e-01
2.001906637287345636e-01
2.010405322204478207e-01
2.018943086315103108e-01
2.027520096518908854e-01
2.036136519998621441e-01
2.044792524211261342e-01
2.053488276880163776e-01
2.062223945987554097e-01
2.070999699764417001e-01
2.079815706684112753e-01
2.088672135451136169e-01
2.097569154994177731e-01
2.106506934454396851e-01
2.115485643179454422e-01
2.124505450710259535e-01
2.133566526774099970e-01
2.142669041272846076e-01
2.151813164273305712e-01
2.160999065996815904e-01
2.170226916808556950e-01
2.179496887207005296e-01
2.188809147812484368e-01
2.198163869355923561e-01
2.207561222667270284e-01
2.217001378664873457e-01
2.226484508341744495e-01
2.236010782754385695e-01
2.245580373010785946e-01
2.255193450257514387e-01
2.264850185665565063e-01
2.274550750419254697e-01
2.284295315701928564e-01
2.294084052681805153e-01
2.303917132499208598e-01
2.313794726251858225e-01
2.323717004980713208e-01
2.333684139654221279e-01
2.343696301156314443e-01
2.353753660267812742e-01
2.363856387653656688e-01
2.374004653845213086e-01
2.384198629226258470e-01
2.394438484014799196e-01
2.404724388248152822e-01
2.415056511764976377e-01
2.425435024189098732e-01
2.435860094911479479e-01
2.446331893072584140e-01
2.456850587544412434e-01
2.467416346912804093e-01
2.478029339457593627e-01
2.488689733134985538e-01
2.499397695557778465e-01
2.510153393975034231e-01
2.520956995253759159e-01
2.531808665857740448e-01
2.542708571826521324e-01
