0.000000000000000000e+00
4.077086715161803288e-05
4.126518220500742827e-05
4.176575861172025995e-05
4.227267168446114119e-05
4.278600500852601036e-05
4.330584330069859255e-05
4.383227244767774338e-05
4.436537952523225199e-05
4.490525278335404758e-05
4.545198170600620946e-05
4.600565699563327550e-05
4.656637061842583582e-05
4.713421577601015059e-05
4.770928699319398712e-05
4.829168005519300812e-05
4.888149210866062647e-05
4.947882160527899910e-05
5.008376839271766001e-05
5.069643365224784965e-05
5.131692000227196389e-05
5.194533147295068217e-05
5.258177351597349245e-05
5.322635304357218179e-05
5.387917846709979895e-05
5.454035969244735912e-05
5.521000812252141525e-05
5.588823675991038054e-05
5.657516011659505142e-05
5.727089433697336683e-05
5.797555715093817113e-05
5.868926793560050493e-05
5.941214773928096631e-05
6.014431926275470727e-05
6.088590693900805610e-05
6.163703693418888150e-05
6.239783715710355992e-05
6.316843731430538957e-05
6.394896891386479506e-05
6.473956528727952862e-05
6.554036165766753089e-05
6.635149510094327742e-05
6.717310462546248419e-05
6.800533118706636145e-05
6.884831771413084454e-05
6.970220912475462709e-05
7.056715236805791256e-05
7.144329645454519791e-05
7.233079248609868320e-05
7.322979368888888967e-05
7.414045541726426217e-05
7.506293522051173106e-05
7.599739285992103801e-05
7.694399034683603090e-05
7.790289195619530549e-05
7.887426429420929758e-05
7.985827628658144289e-05
8.085509926411949108e-05
8.186490693902197138e-05
8.288787549045223716e-05
8.392418360460481843e-05
8.497401245092412478e-05
8.603754576460037227e-05
8.711496988647499963e-05
8.820647378841777538e-05
8.931224910055890703e-05
9.043249018991063933e-05
9.156739414786504788e-05
9.271716086514629061e-05
9.388199306053688319e-05
9.506209633853861978e-05
9.625767920677062988e-05
9.746895312844306933e-05
9.869613258726694916e-05
9.993943509293613282e-05
1.011990812479938111e-04
1.024752947999385810e-04
1.037683026734303321e-04
1.050783350230671760e-04
1.064056252671481792e-04
1.077504101756292644e-04
1.091129298708957046e-04
1.104934279063888035e-04
1.118921513070872940e-04
1.133093506213881063e-04
1.147452799813592097e-04
1.162001971565160399e-04
1.176743635797661188e-04
1.191680444346195663e-04
1.206815087034632022e-04
1.222150292056024899e-04
1.237688826714937961e-04
1.253433498104393321e-04
1.269387153382866759e-04
1.285552680664944899e-04
1.301933009399625031e-04
1.318531111253263611e-04
1.335350000317709197e-04
1.352392734095044793e-04
1.369662414428935674e-04
1.387162187150806786e-04
1.404895243726575081e-04
1.422864821441575652e-04
1.441074204369837113e-04
1.459526723920502697e-04
1.478225759319995827e-04
1.497174738593138514e-04
1.516377139515130473e-04
1.535836489799456261e-04
1.555556368099602705e-04
1.575540404993226620e-04
1.595792283457238649e-04
1.616315739824781086e-04
1.637114564332173988e-04
1.658192602252651839e-04
1.679553754457946391e-04
1.701201978650482434e-04
1.723141289450012326e-04
1.745375760163779327e-04
1.767909522978455264e-04
1.790746770256643043e-04
1.813891755048755599e-04
1.837348792348115437e-04
1.861122260058740594e-04
1.885216599494823030e-04
1.909636316823564545e-04
1.934385983597181242e-04
1.959470238332992659e-04
1.984893786946831590e-04
2.010661403959523939e-04
2.036777933410091872e-04
2.063248290552089769e-04
2.090077462000140916e-04
2.117270507157696245e-04
2.144832559656312720e-04
2.172768828111613297e-04
2.201084597269966248e-04
2.229785229236886225e-04
2.258876164583462575e-04
2.288362923797665591e-04
2.318251108037053872e-04
2.348546400688975131e-04
2.379254568560579719e-04
2.410381463029193018e-04
2.441933021290367662e-04
2.473915267941496064e-04
2.506334315941025764e-04
2.539196368179600922e-04
2.572507718793306261e-04
2.606274754409106369e-04
2.640503955963597552e-04
2.675201899503758902e-04
2.710375258000955346e-04
2.746030803087257609e-04
2.782175405944856627e-04
2.818816039097744495e-04
2.855959778014062283e-04
2.893613803011246539e-04
2.931785399737348377e-04
2.970481962201851258e-04
3.009710993090057097e-04
3.049480106436252853e-04
3.089797028897379744e-04
3.130669601357107651e-04
3.172105780893561770e-04
3.214113642253769803e-04
3.256701380080341090e-04
3.299877310323844851e-04
3.343649872396576715e-04
3.388027630846736555e-04
3.433019277323883737e-04
3.478633632353572789e-04
3.524879647772335956e-04
3.571766408482667703e-04
3.619303134067401750e-04
3.667499181302959470e-04
3.716364046268936269e-04
3.765907366455790604e-04
3.816138922546730258e-04
3.867068641029148797e-04
3.918706596350697113e-04
3.971063012942065867e-04
4.024148267736535811e-04
4.077972892483868513e-04
4.132547575748965300e-04
4.187883166193476182e-04
4.243990673937964356e-04
4.300881273558979827e-04
4.358566306986657473e-04
4.417057285205220393e-04
4.476365891445548725e-04
4.536503983843643379e-04
4.597483597644944574e-04
4.659316948277028559e-04
4.722016434202753392e-04
4.785594639190781578e-04
4.850064335871424382e-04
4.915438488104132255e-04
4.981730253993544699e-04
5.048952988892724866e-04
5.117120248623923057e-04
5.186245792430788223e-04
5.256343585574899894e-04
5.327427803466911306e-04
5.399512834071452938e-04
5.472613281458634047e-04
5.546743969328245087e-04
5.621919943975793327e-04
5.698156477621073995e-04
5.775469072537218725e-04
5.853873464053594051e-04
5.933385624005938722e-04
6.014021764693089052e-04
6.095798342416020813e-04
6.178732061262392442e-04
6.262839876795879036e-04
6.348139000036620051e-04
6.434646901102712875e-04
6.522381313640401683e-04
6.611360238330927196e-04
6.701601947291032247e-04
6.793124988390596359e-04
6.885948188744709991e-04
6.980090659920831948e-04
7.075571801606439330e-04
7.172411306248396932e-04
7.270629163620023370e-04
7.370245665121850052e-04
7.471281408589786760e-04
7.573757302883329717e-04
7.677694572733842655e-04
7.783114763211198715e-04
7.890039745408387959e-04
7.998491720272274700e-04
8.108493224662661342e-04
8.220067135992402624e-04
8.333236677377230421e-04
8.448025423059204054e-04
8.564457303728245608e-04
8.682556611867256642e-04
8.802348007443366439e-04
8.923856523193688653e-04
9.047107570545336215e-04
9.172126945307618271e-04
9.298940833596662948e-04
9.427575817487634331e-04
9.558058881227346438e-04
9.690417417429529959e-04
9.824679233139451545e-04
9.960872555955324701e-04
1.009902604076526019e-03
1.023916877592560186e-03
1.038133028995492533e-03
1.052554055814183820e-03
1.067183000932422953e-03
1.082022953247390069e-03
1.097077048450905085e-03
1.112348469610533602e-03
1.127840447986261764e-03
1.143556263689352471e-03
1.159499246481171877e-03
1.175672776454502475e-03
1.192080284817976371e-03
1.208725254708020638e-03
1.225611221891326425e-03
1.242741775579612367e-03
1.260120559272917030e-03
1.277751271535265340e-03
1.295637666798507993e-03
1.313783556241665366e-03
1.332192808621424649e-03
1.350869351111883259e-03
1.369817170216469562e-03
1.389040312586584894e-03
1.408542885997330230e-03
1.428329060182368954e-03
1.448403067794747914e-03
1.468769205333780338e-03
1.489431834093656168e-03
1.510395381071338861e-03
1.531664340024950109e-03
1.553243272394772478e-03
1.575136808308575873e-03
1.597349647617762446e-03
1.619886560877675102e-03
1.642752390459717871e-03
1.665952051480110597e-03
1.689490533015333782e-03
1.713372899073871891e-03
1.737604289717115764e-03
1.762189922164191739e-03
1.787135091935632310e-03
1.812445173970348312e-03
1.838125623780006079e-03
1.864181978609747185e-03
1.890619858626230079e-03
1.917444968109547742e-03
1.944663096653331076e-03
1.972280120398787594e-03
2.000302003298014882e-03
2.028734798306214022e-03
2.057584648726076219e-03
2.086857789443662473e-03
2.116560548205811878e-03
2.146699347068011226e-03
2.177280703546632164e-03
2.208311232106618342e-03
2.239797645431628251e-03
2.271746755880119616e-03
2.304165476835288214e-03
2.337060824145187603e-03
2.370439917472044744e-03
2.404309981849094089e-03
2.438678349087574065e-03
2.473552459226899519e-03
2.508939862061086105e-03
2.544848218635867385e-03
2.581285302750589358e-03
2.618259002535965312e-03
2.655777321992615087e-03
2.693848382572644994e-03
2.732480424679530930e-03
2.771681809450766629e-03
2.811461020183966819e-03
2.851826664115528209e-03
2.892787473990609311e-03
2.934352309731744907e-03
2.976530160162183230e-03
3.019330144679273960e-03
3.062761514942974328e-03
3.106833656636189250e-03
3.151556091207164453e-03
3.196938477566669667e-03
3.242990613954615294e-03
3.289722439651682380e-03
3.337144036749120028e-03
3.385265632085781001e-03
3.434097598953734370e-03
3.483650458969218995e-03
3.533934883985067731e-03
3.584961697818166756e-03
3.636741878287430389e-03
3.689286558977852241e-03
3.742607031222860460e-03
3.796714745950009306e-03
3.851621315639590371e-03
3.907338516234834178e-03
3.963878289125023942e-03
4.021252743014607639e-03
4.079474155988329492e-03
4.138554977351231214e-03
4.198507829737858910e-03
4.259345510958766068e-03
4.321080996099856825e-03
4.383727439430254794e-03
4.447298176461528252e-03
4.511806725900394631e-03
4.577266791677420642e-03
4.643692264921468922e-03
4.711097225987802284e-03
4.779495946506900558e-03
4.848902891263007393e-03
4.919332720365295411e-03
4.990800291087648874e-03
5.063320659986114865e-03
5.136909084784053309e-03
5.211581026497342367e-03
5.287352151242443420e-03
5.364238332344743211e-03
5.442255652211618923e-03
5.521420404311708219e-03
5.601749095110637733e-03
5.683258445965562282e-03
5.765965395052767908e-03
5.849887099233417286e-03
5.935040935931175377e-03
6.021444504941523418e-03
6.109115630284174710e-03
6.198072361986801428e-03
6.288332977848871096e-03
6.379915985169808471e-03
6.472840122444798762e-03
6.567124361073054840e-03
6.662787906948288048e-03
6.759850202081325171e-03
6.858330926125147213e-03
6.958249997930285834e-03
7.059627576943769411e-03
7.162484064702719956e-03
7.266840106120325306e-03
7.372716590847380215e-03
7.480134654494832724e-03
7.589115679827707593e-03
7.699681297896579686e-03
7.811853389077215437e-03
7.925654084077795800e-03
8.041105764819943269e-03
8.158231065308026511e-03
8.277052872355583624e-03
8.397594326247226695e-03
8.519878821319010892e-03
8.643930006458147575e-03
8.769771785421430141e-03
8.897428317208312329e-03
9.026924016148837882e-03
9.158283552008908771e-03
9.291531849868753939e-03
9.426694090096582324e-03
9.563795707853098987e-03
9.702862392762991867e-03
9.843920088333802873e-03
9.986994991204575789e-03
1.013211355030049950e-02
1.027930246581701401e-02
1.042858868802707881e-02
1.057999941593502739e-02
1.073356209578394706e-02
1.088930441933005921e-02
1.104725432193669719e-02
1.120743998059780221e-02
1.136988981155170365e-02
1.153463246787668310e-02
1.170169683676496909e-02
1.187111203660383939e-02
1.204290741392544280e-02
1.221711253985885599e-02
1.239375720670302106e-02
1.257287142393342071e-02
1.275448541410324765e-02
1.293862960849521265e-02
1.312533464236254749e-02
1.331463135003990370e-02
1.350655075970774027e-02
1.370112408774601560e-02
1.389838273296102773e-02
1.409835827039483680e-02
1.430108244470946338e-02
1.450658716346114874e-02
1.471490448983012872e-02
1.492606663505615522e-02
1.514010595046679127e-02
1.535705491928170997e-02
1.557694614773524715e-02
1.579981235612761339e-02
1.602568636921300818e-02
1.625460110627765034e-02
1.648658957077329609e-02
1.672168483950230503e-02
1.695992005131463295e-02
1.720132839543595318e-02
1.744594309914721669e-02
1.769379741519121890e-02
1.794492460845575899e-02
1.819935794234372670e-02
1.845713066451126413e-02
1.871827599201399822e-02
1.898282709611280594e-02
1.925081708631154118e-02
1.952227899389017210e-02
1.979724575496932468e-02
2.007575019276038389e-02
2.035782499946992355e-02
2.064350271734766151e-02
2.093281571928832033e-02
2.122579618872512397e-02
2.152247609877688470e-02
2.182288719104058528e-02
2.212706095326894690e-02
2.243502859681340347e-02
2.274682103302750821e-02
2.306246884921500304e-02
2.338200228368990732e-02
2.370545120024963870e-02
2.403284506185361311e-02
2.436421290355505337e-02
2.469958330476472105e-02
2.503898436059500202e-02
2.538244365270442629e-02
2.572998821913927495e-02
2.608164452349692047e-02
2.643743842331092511e-02
2.679739513765507994e-02
2.716153921398243090e-02
2.752989449408870318e-02
2.790248407934497327e-02
2.827933029517703742e-02
2.866045465464229017e-02
2.904587782128539158e-02
2.943561957120376799e-02
2.982969875424618458e-02
3.022813325448967317e-02
3.063093994993540056e-02
3.103813467132936904e-02
3.144973216035644448e-02
3.186574602691370078e-02
3.228618870570413441e-02
3.271107141211747338e-02
3.314040409728825909e-02
3.357419540249471923e-02
3.401245261275579607e-02
3.445518160995414414e-02
3.490238682499115924e-02
3.535407118954083522e-02
3.581023608701044969e-02
3.627088130300250290e-02
3.673600497510658147e-02
3.720560354219517446e-02
3.767967169321720378e-02
3.815820231539788360e-02
3.864118644212850839e-02
3.912861320024040024e-02
3.962046975717302411e-02
4.011674126755187392e-02
4.061741081944243714e-02
4.112245938077190716e-02
4.163186574493871889e-02
4.214560647682182720e-02
4.266365585826447510e-02
4.318598583380678368e-02
4.371256595636207470e-02
4.424336333286142675e-02
4.477834257017847958e-02
4.531746572125714551e-02
4.586069223139373208e-02
4.640797888503860741e-02
4.695927975289972828e-02
4.751454613970574475e-02
4.807372653230353871e-02
4.863676654880220301e-02
4.920360888809299088e-02
4.977419328053029474e-02
5.034845643931470244e-02
5.092633201318925995e-02
5.150775053993673913e-02
5.209263940145376914e-02
5.268092277991957839e-02
5.327252161556328414e-02
5.386735356588488038e-02
5.446533296665778678e-02
5.506637079453514938e-02
5.567037463177250400e-02
5.627724863285169660e-02
5.688689349305116327e-02
5.749920641965385743e-02
5.811408110526199849e-02
5.873140770359681212e-02
5.935107280799229584e-02
5.997295943267755280e-02
6.059694699684942815e-02
6.122291131166381767e-02
6.185072457060621781e-02
6.248025534275666176e-02
6.311136856974440545e-02
6.374392556605847082e-02
6.437778402291517710e-02
6.501279801601062003e-02
6.564881801704706976e-02
6.628569090933854324e-02
6.692326000729172109e-02
6.756136508058625811e-02
6.819984238198503745e-02
6.883852468038668959e-02
6.947724129775616209e-02
7.011581815104336868e-02
7.075407779885081738e-02
7.139183949282125463e-02
7.202891923406301578e-02
7.266512983447169505e-02
7.330028098327927288e-02
7.393417931870430171e-02
7.456662850473597115e-02
7.519742931332613900e-02
7.582637971184288950e-02
7.645327495594059219e-02
7.707790768765772349e-02
7.770006803927906325e-02
7.831954374216097692e-02
7.893612024142004913e-02
7.954958081586582797e-02
8.015970670318707525e-02
8.076627723092431876e-02
8.136906995241492691e-02
8.196786078811316156e-02
8.256242417231489383e-02
8.315253320494674083e-02
8.373795980817604068e-02
8.431847488849127104e-02
8.489384850324764586e-02
8.546385003201963093e-02
8.602824835268231551e-02
8.658681202186775672e-02
8.713930945962802821e-02
8.768550913831364702e-02
8.822517977544880319e-02
8.875809053004481142e-02
8.928401120263454449e-02
8.980271243853865659e-02
9.031396593415196017e-02
9.081754464604178956e-02
9.131322300235701628e-02
9.180077711680272035e-02
9.227998500434438089e-02
9.275062679853923742e-02
9.321248497026236868e-02
9.366534454746146265e-02
9.410899333571302872e-02
9.454322213865024027e-02
9.496782497902395148e-02
9.538259931901604816e-02
9.578734627978605087e-02
9.618187086023015364e-02
9.656598215403849883e-02
9.693949356489629798e-02
9.730222301968481646e-02
9.765399317888424913e-02
9.799463164388011460e-02
9.832397116135010995e-02
9.864184982337313723e-02
9.894811126370806065e-02
9.924260484931758663e-02
9.952518586739747541e-02
9.979571570648167189e-02
1.000540620324837787e-01
1.003000989585247499e-01
1.005337072081877170e-01
1.007547742725486278e-01
1.009631945594526709e-01
1.011588695363132423e-01
1.013417078643587266e-01
1.015116255254841504e-01
1.016685459407085101e-01
1.018124000798127649e-01
1.019431265626424832e-01
1.020606717510568612e-01
1.021649898316299293e-01
1.022560428892010931e-01
1.023338009705620361e-01
1.023982421380856961e-01
1.024493525141421252e-01
1.024871263147174305e-01
1.025115658733651014e-01
1.025226816544749092e-01
1.025204922568793975e-01
1.025050244063477334e-01
1.024763129383963328e-01
1.024344007703702208e-01
1.023793388635271806e-01
1.023111861743961071e-01
1.022300095966082595e-01
1.021358838921970075e-01
1.020288916130981244e-01
1.019091230127881775e-01
1.017766759484409200e-01
1.016316557735184173e-01
1.014741752213312032e-01
1.013043542790192930e-01
1.011223200535812244e-01
1.009282066288235552e-01
1.007221549142508360e-01
1.005043124861493276e-01
1.002748334209303815e-01
1.000338781211550232e-01
9.978161313504291252e-02
9.951821096864169047e-02
9.924384989274878666e-02
9.895871374305392765e-02
9.866299171568462811e-02
9.835687815703750281e-02
9.804057234938379217e-02
9.771427829208950699e-02
9.737820447916489819e-02
9.703256367308774055e-02
9.667757267601412297e-02
9.631345209821715048e-02
9.594042612451336716e-02
9.555872227876363589e-02
9.516857118740257304e-02
9.477020634167040991e-02
9.436386385981015978e-02
9.394978224886232909e-02
9.352820216672677600e-02
9.309936618544234488e-02
9.266351855488630385e-02
9.222090496842014207e-02
9.177177233020764047e-02
9.131636852466318288e-02
9.085494218854031634e-02
9.038774248564321323e-02
8.991501888505268325e-02
8.943702094246080980e-02
8.895399808546769482e-02
8.846619940289235373e-02
8.797387343810469940e-02
8.747726798736740750e-02
8.697662990249377390e-02
8.647220489869239524e-02
8.596423736745295585e-02
8.545297019501435498e-02
8.493864458586006250e-02
8.442149989261113485e-02
8.390177345091523464e-02
8.337970042090331324e-02
8.285551363423557247e-02
8.232944344764223099e-02
8.180171760203275300e-02
8.127256108870009599e-02
8.074219602111770699e-02
8.021084151330765133e-02
7.967871356452313480e-02
7.914602495034603336e-02
7.861298512012657169e-02
7.807980010041473684e-02
7.754667240513282711e-02
7.701380095172238871e-02
7.648138098344942071e-02
7.594960399794070671e-02
7.541865768174657592e-02
7.488872585070804888e-02
7.435998839636429047e-02
7.383262123817485589e-02
7.330679628104325163e-02
7.278268137884610911e-02
7.226044030293060638e-02
7.174023271635382448e-02
7.122221415285442947e-02
7.070653600113607773e-02
7.019334549396988310e-02
6.968278570178287890e-02
6.917499553129799472e-02
6.867010972807716107e-02
6.816825888381408682e-02
6.766956944736710056e-02
6.717416374008369773e-02
6.668215997455984034e-02
6.619367227736830395e-02
6.570881071513851035e-02
6.522768132397049889e-02
6.475038614191935826e-02
6.427702324476175511e-02
6.380768678419454498e-02
6.334246702916629390e-02
6.288145040945700148e-02
6.242471956177317316e-02
6.197235337798354116e-02
6.152442705561686487e-02
6.108101215006669915e-02
6.064217662888476967e-02
6.020798492754539377e-02
5.977849800673298852e-02
5.935377341112144101e-02
5.893386532952391010e-02
5.851882465577815107e-02
5.810869905129717461e-02
5.770353300780031724e-02
5.730336791151882658e-02
5.690824210758185786e-02
5.651819096514493213e-02
5.613324694311166985e-02
5.575343965614348862e-02
5.537879594075950651e-02
5.500933992193604571e-02
5.464509307965062512e-02
5.428607431534962502e-02
5.393230001854779077e-02
5.358378413317446687e-02
5.324053822369084754e-02
5.290257154096436598e-02
5.256989108783430287e-02
5.224250168419514173e-02
5.192040603162195733e-02
5.160360477754824537e-02
5.129209657878108786e-02
5.098587816446120691e-02
5.068494439837076260e-02
5.038928834040848348e-02
5.009890130747152170e-02
4.981377293350464086e-02
4.953389122868898098e-02
4.925924263786754520e-02
4.898981209802699688e-02
4.872558309488086992e-02
4.846653771867909244e-02
4.821265671875116232e-02
4.796391955759829462e-02
4.772030446340697063e-02
4.748178848209064218e-02
4.724834752807896554e-02
4.701995643404885405e-02
4.679658899989572185e-02
4.657821804038286828e-02
4.636481543195472566e-02
4.615635215848498674e-02
4.595279835592144813e-02
4.575412335598369462e-02
4.556029572875749944e-02
4.537128332436635159e-02
4.518705331348765730e-02
4.500757222690443538e-02
4.483280599409597555e-02
4.466271998073215177e-02
4.449727902522751521e-02
4.433644747431006450e-02
4.418018921748326222e-02
4.402846772075946769e-02
4.388124605920334931e-02
4.373848694860446584e-02
4.360015277626860808e-02
4.346620563079259258e-02
4.333660733103761320e-02
4.321131945405828900e-02
4.309030336226149505e-02
4.297352022969783136e-02
4.286093106737470793e-02
4.275249674794492916e-02
4.264817802928158597e-02
4.254793557757763356e-02
4.245172998931096009e-02
4.235952181269944661e-02
4.227127156822968468e-02
4.218693976851956018e-02
4.210648693744531434e-02
4.202987362844287644e-02
4.195706044233041276e-02
4.188800804415249157e-02
4.182267717964954779e-02
4.176102869085651648e-02
4.170302353114288541e-02
4.164862277968375825e-02
4.159778765525437572e-02
4.155047952936891109e-02
4.150665993899946282e-02
4.146629059864972988e-02
4.142933341190480068e-02
4.139575048235991095e-02
4.136550412413286804e-02
4.133855687186646644e-02
4.131487149018966964e-02
4.129441098275205002e-02
4.127713860071699492e-02
4.126301785094960151e-02
4.125201250362170446e-02
4.124408659941097843e-02
4.123920445643636246e-02
4.123733067666612850e-02
4.123843015185757466e-02
4.124246806938916543e-02
4.124940991751327446e-02
4.125922149025157415e-02
4.127186889213083076e-02
4.128731854246073252e-02
4.130553717922313961e-02
4.132649186291970089e-02
4.135014997978803120e-02
4.137647924501788865e-02
4.140544770548162945e-02
4.143702374242996811e-02
4.147117607362915681e-02
4.150787375553632863e-02
4.154708618507585438e-02
4.158878310122487987e-02
4.163293458639763522e-02
4.167951106759729130e-02
4.172848331738393535e-02
4.177982245457886878e-02
4.183349994495155766e-02
4.188948760143820782e-02
4.194775758451299574e-02
4.200828240215684350e-02
4.207103490978109095e-02
4.213598830994300104e-02
4.220311615190860954e-02
4.227239233120863582e-02
4.234379108880928499e-02
4.241728701042529748e-02
4.249285502553115657e-02
4.257047040626474321e-02
4.265010876639344084e-02
4.273174605991247876e-02
4.281535857977511461e-02
4.290092295633832209e-02
4.298841615588133713e-02
4.307781547894726226e-02
4.316909855856324030e-02
4.326224335853348646e-02
4.335722817147905084e-02
4.345403161689492810e-02
4.355263263923839223e-02
4.365301050570855046e-02
4.375514480422712515e-02
4.385901544119025219e-02
4.396460263925497380e-02
4.407188693504940358e-02
4.418084917685166646e-02
4.429147052217169422e-02
4.440373243539547099e-02
4.451761668526621474e-02
4.463310534252168393e-02
4.475018077722617282e-02
4.486882565633842912e-02
4.498902294112691602e-02
4.511075588452609364e-02
4.523400802855168101e-02
4.535876320174020426e-02
4.548500551640813350e-02
4.561271936599775589e-02
4.574188942239529321e-02
4.587250063333922490e-02
4.600453821960309719e-02
4.613798767235180454e-02
4.627283475041113481e-02
4.640906547755813127e-02
4.654666613980798506e-02
4.668562328267664152e-02
4.682592370847116214e-02
4.696755447356273927e-02
4.711050288568052746e-02
4.725475650118812765e-02
4.740030312235313237e-02
4.754713079472422388e-02
4.769522780431398323e-02
4.784458267500374395e-02
4.799518416579925950e-02
4.814702126822167916e-02
4.830008320361872665e-02
4.845435942047934819e-02
4.860983959183162728e-02
4.876651361265110785e-02
4.892437159716156447e-02
4.908340387633006174e-02
4.924360099522323564e-02
4.940495371046071948e-02
4.956745298765816155e-02
4.973108999891187598e-02
4.989585612023492156e-02
5.006174292912501933e-02
5.022874220203185636e-02
5.039684591187296170e-02
5.056604622563978801e-02
5.073633550197256814e-02
5.090770628868659942e-02
5.108015132043730588e-02
5.125366351635060602e-02
5.142823597764287213e-02
5.160386198533803426e-02
5.178053499792223402e-02
5.195824864904011187e-02
5.213699674530905548e-02
5.231677326396344530e-02
5.249757235072788353e-02
5.267938831755164530e-02
5.286221564047843824e-02
5.304604895744330362e-02
5.323088306613543708e-02
5.341671292191652043e-02
5.360353363571823682e-02
5.379134047191896917e-02
5.398012884637662379e-02
5.416989432432267604e-02
5.436063261841234118e-02
5.455233958670535621e-02
5.474501123071268127e-02
5.493864369345013987e-02
5.513323325753716198e-02
5.532877634328164929e-02
5.552526950683076001e-02
5.572270943824883527e-02
5.592109295976532835e-02
5.612041702395334508e-02
5.632067871184226471e-02
5.652187523131138591e-02
5.672400391519907825e-02
5.692706221965479485e-02
5.713104772244598228e-02
5.733595812117825430e-02
5.754179123176536570e-02
5.774854498667367220e-02
5.795621743339210430e-02
5.816480673274601609e-02
5.837431115739838416e-02
5.858472909024692310e-02
5.879605902287671215e-02
5.900829955407527194e-02
5.922144938827478278e-02
5.943550733419900034e-02
5.965047230320486005e-02
5.986634330801265946e-02
6.008311946128358505e-02
6.030079997401682768e-02
6.051938415443935959e-02
6.073887140645856109e-02
6.095926122839934180e-02
6.118055321160248416e-02
6.140274703921727584e-02
6.162584248479985316e-02
6.184983941115440587e-02
6.207473776901478724e-02
6.230053759579551320e-02
6.252723901435663922e-02
6.275484223194904843e-02
6.298334753881973391e-02
6.321275530719178137e-02
6.344306599006394043e-02
6.367428012005182936e-02
6.390639830838179547e-02
6.413942124357252528e-02
6.437334969063013279e-02
6.460818448970895300e-02
6.484392655532050798e-02
6.508057687504981148e-02
6.531813650867412946e-02
6.555660658716377931e-02
6.579598831164129580e-02
6.603628295240998591e-02
6.627749184802411708e-02
6.651961640431053313e-02
6.676265809342496471e-02
6.700661845302630093e-02
6.725149908524269415e-02
6.749730165588746500e-02
6.774402789352235166e-02
6.799167958865259820e-02
6.824025859281795947e-02
6.848976681777391162e-02
6.874020623468674041e-02
6.899157887338414064e-02
6.924388682143928220e-02
6.949713222337283725e-02
6.975131728016031873e-02
7.000644424809410182e-02
7.026251543826994572e-02
7.051953321582371537e-02
7.077749999917504198e-02
7.103641825934037257e-02
7.129629051918356941e-02
7.155711935283998182e-02
7.181890738494622894e-02
7.208165728998100485e-02
7.234537179170996701e-02
7.261005366241551906e-02
7.287570572234863819e-02
7.314233083906968025e-02
7.340993192690714597e-02
7.367851194628460831e-02
7.394807390311008977e-02
7.421862084835972873e-02
7.449015587725899001e-02
7.476268212897041465e-02
7.503620278592748605e-02
7.531072107325176290e-02
7.558624025832960669e-02
7.586276365020155898e-02
7.614029459915988562e-02
7.641883649607550399e-02
7.669839277212042727e-02
7.697896689810856952e-02
7.726056238408635091e-02
7.754318277889554745e-02
7.782683166964593502e-02
7.811151268135446690e-02
7.839722947641791784e-02
7.868398575423818375e-02
7.897178525070186472e-02
7.926063173798597594e-02
7.955052902386405833e-02
7.984148095147025614e-02
8.013349139888992223e-02
8.042656427879185665e-02
8.072070353792176745e-02
8.101591315688716488e-02
8.131219714969939449e-02
8.160955956345444795e-02
8.190800447793744610e-02
8.220753600535896100e-02
8.250815828988317113e-02
8.280987550744051129e-02
8.311269186535991116e-02
8.341661160193858393e-02
8.372163898630324841e-02
8.402777831797297869e-02
8.433503392660246512e-02
8.464341017173221404e-02
8.495291144240690873e-02
8.526354215698112027e-02
8.557530676274460735e-02
8.588820973582517171e-02
8.620225558064048554e-02
8.651744882995360264e-02
8.683379404435254134e-02
8.715129581220171229e-02
8.746995874922558478e-02
8.778978749844623675e-02
8.811078672971844883e-02
8.843296113974358219e-02
8.875631545168100045e-02
8.908085441499541401e-02
8.940658280522095769e-02
8.973350542371139049e-02
9.006162709752213447e-02
9.039095267913271892e-02
9.072148704623167470e-02
9.105323510164714529e-02
9.138620177296524760e-02
9.172039201249537754e-02
9.205581079706898207e-02
9.239246312774812564e-02
9.273035402977691799e-02
9.306948855241498064e-02
9.340987176856274665e-02
9.375150877488636070e-02
9.409440469150542885e-02
9.443856466177097397e-02
9.478399385227931351e-02
9.513069745256674814e-02
9.547868067509568402e-02
9.582794875492850473e-02
9.617850694982471582e-02
9.653036053988706122e-02
9.688351482752682875e-02
9.723797513735282783e-02
9.759374681597016155e-02
9.795083523189002106e-02
9.830924577543254106e-02
9.866898385854638853e-02
9.903005491471161825e-02
9.939246439887028384e-02
9.975621778718357646e-02
1.001213205770665193e-01
1.004877782870491898e-01
1.008555964565546748e-01
1.012247806458990707e-01
1.015953364361735223e-01
1.019672694291193227e-01
1.023405852470515853e-01
1.027152895327065885e-01
1.030913879492487140e-01
1.034688861800414639e-01
1.038477899287168493e-01
1.042281049188908959e-01
1.046098368942260937e-01
1.049929916183550693e-01
1.053775748746238472e-01
1.057635924661542992e-01
1.061510502157816949e-01
1.065399539657910233e-01
1.069303095781390378e-01
1.073221229340240446e-01
1.077153999340038637e-01
1.081101464979819515e-01
1.085063685649992338e-01
1.089040720931716555e-01
1.093032630596485477e-01
1.097039474605640552e-01
1.101061313109261142e-01
1.105098206445193076e-01
1.109150215139048656e-01
1.113217399903443372e-01
1.117299821636330570e-01
1.121397541421209620e-01
1.125510620526570804e-01
1.129639120404299368e-01
1.133783102689953082e-01
1.137942629201582623e-01
1.142117761939245857e-01
1.146308563084244558e-01
1.150515094998222354e-01
1.154737420223303501e-01
1.158975601480705109e-01
1.163229701670112637e-01
1.167499783869332952e-01
1.171785911333877994e-01
1.176088147495299441e-01
1.180406555961813209e-01
1.184741200516495341e-01
1.189092145117490174e-01
1.193459453897177669e-01
1.197843191160993803e-01
1.202243421387361177e-01
1.206660209226578795e-01
1.211093619500475116e-01
1.215543717201922336e-01
1.220010567493726161e-01
1.224494235707654366e-01
1.228994787344991901e-01
1.233512288074112284e-01
1.238046803731865375e-01
1.242598400320454877e-01
1.247167144008895501e-01
1.251753101131000689e-01
1.256356338185590782e-01
1.260976921834758291e-01
1.265614918903104624e-01
1.270270396378850308e-01
1.274943421410087985e-01
1.279634061306933468e-01
1.284342383538611410e-01
1.289068455734287966e-01
1.293812345680503406e-01
1.298574121321657837e-01
1.303353850759178534e-01
1.308151602250617884e-01
1.312967444207224776e-01
1.317801445195818100e-01
1.322653673935803020e-01
1.327524199298685259e-01
1.332413090308209869e-01
1.337320416137932622e-01
1.342246246111636343e-01
1.347190649701388021e-01
1.352153696526844917e-01
1.357135456354491287e-01
1.362135999096944494e-01
1.367155394810665170e-01
1.372193713696373552e-01
1.377251026097314757e-01
1.382327402497871005e-01
1.387422913523631007e-01
1.392537629938753185e-01
1.397671622645549339e-01
1.402824962683860144e-01
1.407997721229112265e-01
1.413189969591902018e-01
1.418401779215219816e-01
1.423633221675282834e-01
1.428884368678690064e-01
1.434155292062144760e-01
1.439446063790303376e-01
1.444756755955220462e-01
1.450087440774613934e-01
1.455438190590338521e-01
1.460809077867067374e-01
1.466200175191390009e-01
1.471611555269730642e-01
1.477043290927168573e-01
1.482495455105772852e-01
1.487968120863145116e-01
1.493461361370823637e-01
1.498975249912964935e-01
1.504509859884609058e-01
1.510065264789181572e-01
1.515641538239048680e-01
1.521238753950382439e-01
1.526856985745450590e-01
1.532496307547412395e-01
1.538156793380388021e-01
1.543838517367585039e-01
1.549541553728037147e-01
1.555265976777228665e-01
1.561011860922098538e-01
1.566779280661734219e-01
1.572568310583624673e-01
1.578379025363521593e-01
1.584211499760859732e-01
1.590065808618826293e-01
1.595942026861099650e-01
1.601840229490600342e-01
1.607760491585744078e-01
1.613702888300164173e-01
1.619667494859242107e-01
1.625654386557956466e-01
1.631663638758454327e-01
1.637695326888385927e-01
1.643749526437573993e-01
1.649826312956348406e-01
1.655925762052562478e-01
1.662047949388192891e-01
1.668192950679339703e-01
1.674360841691438506e-01
1.680551698236554259e-01
1.686765596172132287e-01
1.693002611396626778e-01
1.699262819848668116e-01
1.705546297501442377e-01
1.711853120363454606e-01
1.718183364472145036e-01
1.724537105893056421e-01
1.730914420715878865e-01
1.737315385052368155e-01
1.743740075031627312e-01
1.750188566798649425e-01
1.756660936510084925e-01
1.763157260331327247e-01
1.769677614434014834e-01
1.776222074990757571e-01
1.782790718173540845e-01
1.789383620149631593e-01
1.796000857078039470e-01
1.802642505106324955e-01
1.809308640366019683e-01
1.815999338970822330e-01
1.822714677011047502e-01
1.829454730551058339e-01
1.836219575624617462e-01
1.843009288232388965e-01
1.849823944336109749e-01
1.856663619856230296e-01
1.863528390667612555e-01
1.870418332594395161e-01
1.877333521407495431e-01
1.884274032819197031e-01
1.891239942480027469e-01
1.898231325971957983e-01
1.905248258807987205e-01
1.912290816424300210e-01
1.919359074177562352e-01
1.926453107340200810e-01
1.933572991094784088e-01
1.940718800530621957e-01
1.947890610638283726e-01
1.955088496305643075e-01
1.962312532312535107e-01
1.969562793324441952e-01
1.976839353890549877e-01
1.984142288436116508e-01
1.991471671258793208e-01
1.998827576522727023e-01
2.006210078253703455e-01
2.013619250334150457e-01
2.021055166496685263e-01
2.028517900319673495e-01
2.036007525221886216e-01
2.043524114456046759e-01
2.051067741103418385e-01
2.058638478069710342e-01
2.066236398075710357e-01
2.073861573655966239e-01
2.081514077149487774e-01
2.089193980694403763e-01
2.096901356223382362e-01
2.104636275455928907e-01
2.112398809893042961e-01
2.120189030810348818e-01
2.128007009252128046e-01
2.135852816024866319e-01
2.143726521690522691e-01
2.151628196560770312e-01
2.159557910688392202e-01
2.167515733863326077e-01
2.175501735603505016e-01
2.183515985148890004e-01
2.191558551454877990e-01
2.199629503183697654e-01
2.207728908699968517e-01
2.215856836061333435e-01
2.224013353011242144e-01
2.232198526972636876e-01
2.240412425040250177e-01
2.248655113971931296e-01
2.256926660182331790e-01
2.265227129735203349e-01
2.273556588334516015e-01
2.281915101317727457e-01
2.290302733647039957e-01
2.298719549901628856e-01
2.307165614269662823e-01
2.315640990540046573e-01
2.324145742094094191e-01
2.332679931896716741e-01
2.341243622488789478e-01
2.349836875977784345e-01
2.358459754029165745e-01
2.367112317859035309e-01
2.375794628222752114e-01
2.384506745408410122e-01
2.393248729226360449e-01
2.402020639000676527e-01
2.410822533559855985e-01
2.419654471227730697e-01
2.428516509813266611e-01
2.437408706602445241e-01
2.446331118346953271e-01
2.455283801256619158e-01
2.464266810987061906e-01
2.473280202633029723e-01
2.482324030714869179e-01
2.491398349171378146e-01
2.500503211348287236e-01
2.509638669988059623e-01
2.518804777219899038e-01
2.528001584548647540e-01
2.537229142845903729e-01
2.546487502336908237e-01
2.555776712592425226e-01
2.565096822515280928e-01
2.574447880330996141e-01
2.583829933577447280e-01
2.593243029091751861e-01
2.602687212999721389e-01
2.612162530706355068e-01
2.621669026880990572e-01
2.631206745449393702e-01
2.640775729578423436e-01
2.650376021667982807e-01
2.660007663335892114e-01
2.669670695408660199e-01
2.679365157906843375e-01
2.689091090035816700e-01
2.698848530169953297e-01
2.708637515844020127e-01
2.718458083737496089e-01
2.728310269664094290e-01
2.738194108557884254e-01
2.748109634461912143e-01
2.758056880512796405e-01
2.768035878930250049e-01
2.778046661003411022e-01
2.788089257076339922e-01
2.798163696535668765e-01
2.808270007797486478e-01
2.818408218293461109e-01
2.828578354456892652e-01
2.838780441709598534e-01
2.849014504447411333e-01
2.859280566026300985e-01
2.869578648749052108e-01
2.879908773850900494e-01
2.890270961484059375e-01
2.900665230705090636e-01
2.911091599459222912e-01
2.921550084566473804e-01
2.932040701706176145e-01
2.942563465403516543e-01
2.953118389012812650e-01
2.963705484704051707e-01
2.974324763447833142e-01
2.984976234997951949e-01
2.995659907879810735e-01
3.006375789371198981e-01
3.017123885489456092e-01
3.027904200974679272e-01
3.038716739273902845e-01
3.049561502526249024e-01
3.060438491545927620e-01
3.071347705806623529e-01
3.082289143425676059e-01
3.093262801147633745e-01
3.104268674327739785e-01
3.115306756915486863e-01
3.126377041437963800e-01
3.137479518985145099e-01
3.148614179190045714e-01
3.159781010213524866e-01
3.170979998728465366e-01
3.182211129900344715e-01
3.193474387371761369e-01
3.204769753245920172e-01
3.216097208067134061e-01
3.227456730804864615e-01
3.238848298836513595e-01
3.250271887929034875e-01
3.261727472222142321e-01
3.273215024209019663e-01
3.284734514721540655e-01
3.296285912908272775e-01
3.307869186220530056e-01
3.319484300390654341e-01
3.331131219417721168e-01
3.342809905544988358e-01
3.354520319245393734e-01
3.366262419201085376e-01
3.378036162285380506e-01
3.389841503544516188e-01
3.401678396178359209e-01
3.413546791522642510e-01
3.425446639029813833e-01
3.437377886249329273e-01
3.449340478810514199e-01
3.461334360401954746e-01
3.473359472753109745e-01
3.485415755615436928e-01
3.497503146743033420e-01
3.509621581873206830e-01
3.521770994707532076e-01
3.533951316891867367e-01
3.546162477998035523e-01
3.558404405503562407e-01
3.570677024772248020e-01
3.582980259034668213e-01
3.595314029369092723e-01
3.607678254681015440e-01
3.620072851683656112e-01
3.632497734879155948e-01
3.644952816537622153e-01
3.657438006678045972e-01
3.669953213047902341e-01
3.682498341103720985e-01
3.695073293991310570e-01
3.707677972525358356e-01
3.720312275169862515e-01
3.732976098018148114e-01
3.745669334772466774e-01
3.758391876724567759e-01
3.771143612735644579e-01
3.783924429215587693e-01
3.796734210103278051e-01
3.809572836847852084e-01
3.822440188386566629e-01
3.835336141125925136e-01
3.848260568921624269e-01
3.861213343058014780e-01
3.874194332229019544e-01
3.887203402517941386e-01
3.900240417374911672e-01
3.913305237601624742e-01
3.926397721327745671e-01
3.939517723992244647e-01
3.952665098323066006e-01
3.965839694318393227e-01
3.979041359225693464e-01
3.992269937522219259e-01
4.005525270895302081e-01
4.018807198223270372e-01
4.032115555554771635e-01
4.045450176090453764e-01
4.058810890162078966e-01
