0.000000000000000000e+00
1.465918881099849095e-05
1.483691839675228004e-05
1.501689749078090017e-05
1.519915481908083892e-05
1.538372042092467595e-05
1.557062476281443180e-05
1.575989871392354837e-05
1.595157357835210520e-05
1.614568108935027498e-05
1.634225341272825795e-05
1.654132315614167733e-05
1.674292337942368718e-05
1.694708759784371144e-05
1.715384977974846397e-05
1.736324437221497492e-05
1.757530629691304822e-05
1.779007094345075058e-05
1.800757420931414939e-05
1.822785247324843844e-05
1.845094261898651560e-05
1.867688204896541084e-05
1.890570867146577823e-05
1.913746092556253213e-05
1.937217777776254306e-05
1.960989874630410894e-05
1.985066387882958999e-05
2.009451379130445519e-05
2.034148965688642224e-05
2.059163322698862590e-05
2.084498682324551044e-05
2.110159336883568460e-05
2.136149636924665029e-05
2.162473993629072781e-05
2.189136880610365892e-05
2.216142833486624343e-05
2.243496449913214095e-05
2.271202392728413345e-05
2.299265389702860181e-05
2.327690234118541952e-05
2.356481786163180906e-05
2.385644974436089365e-05
2.415184796350552723e-05
2.445106317882514776e-05
2.475414677482133517e-05
2.506115084965650282e-05
2.537212822483124895e-05
2.568713246983725059e-05
2.600621789877167290e-05
2.632943959327185672e-05
2.665685340338733901e-05
2.698851596099643125e-05
2.732448469747744425e-05
2.766481784808911905e-05
2.800957447265347747e-05
2.835881445077686216e-05
2.871259851744395515e-05
2.907098824956604760e-05
2.943404610061579348e-05
2.980183540138530411e-05
3.017442037433912139e-05
3.055186615106436371e-05
3.093423877587020941e-05
3.132160522678750368e-05
3.171403343741292178e-05
3.211159229390538679e-05
3.251435165608776098e-05
3.292238237366457908e-05
3.333575629836678633e-05
3.375454630249078249e-05
3.417882628631924364e-05
3.460867120018422974e-05
3.504415705820055000e-05
3.548536094727607922e-05
3.593236106090412366e-05
3.638523669450645425e-05
3.684406826531485033e-05
3.730893734903407380e-05
3.777992666819009741e-05
3.825712012791850037e-05
3.874060283168539992e-05
3.923046108607362788e-05
3.972678243861713776e-05
4.022965567441838210e-05
4.073917085379130367e-05
4.125541932469154393e-05
4.177849372611643335e-05
4.230848803859069612e-05
4.284549756643550947e-05
4.338961899825512642e-05
4.394095039017494085e-05
4.449959120687684559e-05
4.506564234130630098e-05
4.563920612638087135e-05
4.622038636966013055e-05
4.680928835968316243e-05
4.740601890152446296e-05
4.801068632696680580e-05
4.862340054002418113e-05
4.924427300415498622e-05
4.987341679902847951e-05
5.051094662728833866e-05
5.115697883710491282e-05
5.181163146404999041e-05
5.247502423564282496e-05
5.314727860260056867e-05
5.382851777324051555e-05
5.451886673355224117e-05
5.521845227357251458e-05
5.592740300467069969e-05
5.664584941311765989e-05
5.737392385617500699e-05
5.811176061416475756e-05
5.885949590661039278e-05
5.961726792819425409e-05
6.038521687176634614e-05
6.116348495973961304e-05
6.195221648262824331e-05
6.275155781670153064e-05
6.356165746646002829e-05
6.438266609433170430e-05
6.521473654153348205e-05
6.605802388024592194e-05
6.691268542726491243e-05
6.777888079947209585e-05
6.865677192032063362e-05
6.954652308581568470e-05
7.044830097871403879e-05
7.136227470310512410e-05
7.228861583585976147e-05
7.322749846066310794e-05
7.417909918491974030e-05
7.514359721424087864e-05
7.612117435138392825e-05
7.711201506901256910e-05
7.811630652596150963e-05
7.913423863047257842e-05
8.016600405542518974e-05
8.121179830257963200e-05
8.227181972903828216e-05
8.334626960344208109e-05
8.443535214457233227e-05
8.553927455913091908e-05
8.665824709656366526e-05
8.779248309109010978e-05
8.894219901307097290e-05
9.010761449436832258e-05
9.128895242637777969e-05
9.248643894064671007e-05
9.370030351840236095e-05
9.493077901260859881e-05
9.617810168914695727e-05
9.744251131201121091e-05
9.872425116183029174e-05
1.000235681158366698e-04
1.013407126836704357e-04
1.026759390696514691e-04
1.040295052289682160e-04
1.054016729242425492e-04
1.067927077890606273e-04
1.082028793716713246e-04
1.096324612154763839e-04
1.110817308904773614e-04
1.125509700888277200e-04
1.140404646615838944e-04
1.155505046931493227e-04
1.170813845629536921e-04
1.186334030107269910e-04
1.202068632057393712e-04
1.218020728070472126e-04
1.234193440389756040e-04
1.250589937570683826e-04
1.267213435188915501e-04
1.284067196606829785e-04
1.301154533578865341e-04
1.318478807090150615e-04
1.336043428161591713e-04
1.353851858416859992e-04
1.371907611049651371e-04
1.390214251438312413e-04
1.408775398122534908e-04
1.427594723514035487e-04
1.446675954582617076e-04
1.466022874042608077e-04
1.485639320873873015e-04
1.505529191274453007e-04
1.525696439687356182e-04
1.546145079336170354e-04
1.566879183607522983e-04
1.587902886442578985e-04
1.609220383740117609e-04
1.630835933966886761e-04
1.652753859240925071e-04
1.674978546304937738e-04
1.697514447546209033e-04
1.720366081863354177e-04
1.743538035893568434e-04
1.767034964787154040e-04
1.790861593430737421e-04
1.815022717591678473e-04
1.839523204747485214e-04
1.864367995278571710e-04
1.889562103817581551e-04
1.915110619936907560e-04
1.941018709807521112e-04
1.967291616779765688e-04
1.993934663184216685e-04
2.020953251052845262e-04
2.048352863573543324e-04
2.076139066315271970e-04
2.104317508344078229e-04
2.132893923711196417e-04
2.161874132545144663e-04
2.191264042519497476e-04
2.221069650066853369e-04
2.251297041874762803e-04
2.281952396084279810e-04
2.313041983904271263e-04
2.344572170770462883e-04
2.376549418048619204e-04
2.408980284300519018e-04
2.441871426850593363e-04
2.475229603292798219e-04
2.509061672973564284e-04
2.543374598614205236e-04
2.578175447787904671e-04
2.613471394566315624e-04
2.649269721254385963e-04
2.685577819868225150e-04
2.722403193802609895e-04
2.759753459741787489e-04
2.797636349047356494e-04
2.836059709818657452e-04
2.875031508557395637e-04
2.914559831865638274e-04
2.954652888314401741e-04
2.995319010514613245e-04
3.036566656667385490e-04
3.078404412605196942e-04
3.120840993891243337e-04
3.163885247498260779e-04
3.207546153974860344e-04
3.251832829517338139e-04
3.296754527848224704e-04
3.342320642415521357e-04
3.388540708556971016e-04
3.435424405503562442e-04
3.482981558630265104e-04
3.531222141661772358e-04
3.580156278964639286e-04
3.629794247641588865e-04
3.680146480088670557e-04
3.731223566140557594e-04
3.783036255512712371e-04
3.835595460216717836e-04
3.888912256946538710e-04
3.942997889617858498e-04
3.997863771880040399e-04
4.053521489612909386e-04
4.109982803554180640e-04
4.167259651809387586e-04
4.225364152781599446e-04
4.284308607484227762e-04
4.344105502647265622e-04
4.404767513185541667e-04
4.466307505212598842e-04
4.528738538782777216e-04
4.592073870819373001e-04
4.656326958126077845e-04
4.721511460028366379e-04
4.787641241896814460e-04
4.854730377786995940e-04
4.922793153735524488e-04
4.991844070701903372e-04
5.061897848063852314e-04
5.132969426619807003e-04
5.205073971763936845e-04
5.278226876956605652e-04
5.352443767238070299e-04
5.427740502191195438e-04
5.504133179822293370e-04
5.581638139756802362e-04
5.660271966868862673e-04
5.740051494942190234e-04
5.820993810233239876e-04
5.903116255120900886e-04
5.986436431907845353e-04
6.070972206479574975e-04
6.156741712226115838e-04
6.243763354004980108e-04
6.332055811775346658e-04
6.421638044789919515e-04
6.512529295636502883e-04
6.604749094161584599e-04
6.698317261678404496e-04
6.793253915113070356e-04
6.889579471307087383e-04
6.987314651198643515e-04
7.086480484146345880e-04
7.187098312385966107e-04
7.289189795412924283e-04
7.392776914459902975e-04
7.497881977050772830e-04
7.604527621715852876e-04
7.712736822274170829e-04
7.822532892998602244e-04
7.933939492983985544e-04
8.046980631263607594e-04
8.161680671366376488e-04
8.278064336437779454e-04
8.396156714210272192e-04
8.515983261914714716e-04
8.637569811410138404e-04
8.760942574328420837e-04
8.886128147198225262e-04
9.013153516855847060e-04
9.142046065484856496e-04
9.272833576164909910e-04
9.405544238182036434e-04
9.540206652510093126e-04
9.676849837367436629e-04
9.815503233567459806e-04
9.956196710509761759e-04
1.009896057146684664e-03
1.024382555951105578e-03
1.039082286330406633e-03
1.053998412274843605e-03
1.069134143507878771e-03
1.084492736049937848e-03
1.100077492854662116e-03
1.115891764376730462e-03
1.131938949192444780e-03
1.148222494606475526e-03
1.164745897293980453e-03
1.181512703868551348e-03
1.198526511554391183e-03
1.215790968807874215e-03
1.233309775930513125e-03
1.251086685720388452e-03
1.269125504122208675e-03
1.287430090860769427e-03
1.306004360093656865e-03
1.324852281065806540e-03
1.343977878764525662e-03
1.363385234585232694e-03
1.383078486987766127e-03
1.403061832152462324e-03
1.423339524675711325e-03
1.443915878212130880e-03
1.464795266166123719e-03
1.485982122362403037e-03
1.507480941711285402e-03
1.529296280909262732e-03
1.551432759090904442e-03
1.573895058540298545e-03
1.596687925340284928e-03
1.619816170079368825e-03
1.643284668526799304e-03
1.667098362287075010e-03
1.691262259538529791e-03
1.715781435645473245e-03
1.740661033891219810e-03
1.765906266115789373e-03
1.791522413417440292e-03
1.817514826806389087e-03
1.843888927880783400e-03
1.870650209488363466e-03
1.897804236385738355e-03
1.925356645915443123e-03
1.953313148611980719e-03
1.981679528899451658e-03
2.010461645684180013e-03
2.039665433021034795e-03
2.069296900730234739e-03
2.099362135001898132e-03
2.129867299017996693e-03
2.160818633544002530e-03
2.192222457519238388e-03
2.224085168635081371e-03
2.256413243912708255e-03
2.289213240234380577e-03
2.322491794901781429e-03
2.356255626161964101e-03
2.390511533707870978e-03
2.425266399192600123e-03
2.460527186675498957e-03
2.496300943144425747e-03
2.532594798889444606e-03
2.569415967966487586e-03
2.606771748603765697e-03
2.644669523554378770e-03
2.683116760469119247e-03
2.722121012249624147e-03
2.761689917312240821e-03
2.801831199914807651e-03
2.842552670365795352e-03
2.883862225304276161e-03
2.925767847831951471e-03
2.968277607708280901e-03
3.011399661481103506e-03
3.055142252571799687e-03
3.099513711329746329e-03
3.144522455043592506e-03
3.190176987936325492e-03
3.236485901098864679e-03
3.283457872365323250e-03
3.331101666188677514e-03
3.379426133425661189e-03
3.428440211092765710e-03
3.478152922077137714e-03
3.528573374779442849e-03
3.579710762710434143e-03
3.631574364046645954e-03
3.684173541085148697e-03
3.737517739679492666e-03
3.791616488600896111e-03
3.846479398820123932e-03
3.902116162742691463e-03
3.958536553349688465e-03
4.015750423296210805e-03
4.073767703892318404e-03
4.132598404071039129e-03
4.192252609210435181e-03
4.252740479886173847e-03
4.314072250602418550e-03
4.376258228326363083e-03
4.439308791041146965e-03
4.503234386110286161e-03
4.568045528613418407e-03
4.633752799552818581e-03
4.700366843952356009e-03
4.767898368853459509e-03
4.836358141241359557e-03
4.905756985771410512e-03
4.976105782476434106e-03
5.047415464270186072e-03
5.119697014407443431e-03
5.192961463755833493e-03
5.267219887949959288e-03
5.342483404455439060e-03
5.418763169434855087e-03
5.496070374498888099e-03
5.574416243348543146e-03
5.653812028197010946e-03
5.734269006111517714e-03
5.815798475137514897e-03
5.898411750330937245e-03
5.982120159546671506e-03
6.066935039133894772e-03
6.152867729432190229e-03
6.239929570053424565e-03
6.328131895065396660e-03
6.417486027913543029e-03
6.508003276216008451e-03
6.599694926317915301e-03
6.692572237691567748e-03
6.786646437113852404e-03
6.881928712653903601e-03
6.978430207423545230e-03
7.076162013175727426e-03
7.175135163626816977e-03
7.275360627592838622e-03
7.376849301880578254e-03
7.479612004012152655e-03
7.583659464617704959e-03
7.689002319687370662e-03
7.795651102548506808e-03
7.903616235576315860e-03
8.012908021712131235e-03
8.123536635711199605e-03
8.235512115102811351e-03
8.348844350958761415e-03
8.463543078387059451e-03
8.579617866702341292e-03
8.697078109440141425e-03
8.815933014028791773e-03
8.936191591206735924e-03
9.057862644189619908e-03
9.180954757569895555e-03
9.305476285903545655e-03
9.431435342061618779e-03
9.558839785297621600e-03
9.687697209016842351e-03
9.818014928286884768e-03
9.949799967093851671e-03
1.008305904526339385e-02
1.021779856515071978e-02
1.035402459802615971e-02
1.049174287021277692e-02
1.063095874894294524e-02
1.077167722788793976e-02
1.091390291251979720e-02
1.105764000511343971e-02
1.120289228953032755e-02
1.134966311574364672e-02
1.149795538407259558e-02
1.164777152920070703e-02
1.179911350394045877e-02
1.195198276274038983e-02
1.210638024498264520e-02
1.226230635801943587e-02
1.241976096002833825e-02
1.257874334265160661e-02
1.273925221339589423e-02
1.290128567788223317e-02
1.306484122189977871e-02
1.322991569329009208e-02
1.339650528365946870e-02
1.356460550998826731e-02
1.373421119602773535e-02
1.390531645370485757e-02
1.407791466429258315e-02
1.425199845958135397e-02
1.442755970295088626e-02
1.460458947038492314e-02
1.478307803150615343e-02
1.496301483050813119e-02
1.514438846719388075e-02
1.532718667795747274e-02
1.551139631690979896e-02
1.569700333698916678e-02
1.588399277126293849e-02
1.607234871428076320e-02
1.626205430362622634e-02
1.645309170166800103e-02
1.664544207745214527e-02
1.683908558891707499e-02
1.703400136529651873e-02
1.723016748996657882e-02
1.742756098341833454e-02
1.762615778680854534e-02
1.782593274578508219e-02
1.802685959480178346e-02
1.822891094190471489e-02
1.843205825402451786e-02
1.863627184285208960e-02
1.884152085123791745e-02
1.904777324031109095e-02
1.925499577722783462e-02
1.946315402357639071e-02
1.967221232468375006e-02
1.988213379956098661e-02
2.009288033179789171e-02
2.030441256131634148e-02
2.051668987702696956e-02
2.072967041046860567e-02
2.094331103053318974e-02
2.115756733913416732e-02
2.137239366808638130e-02
2.158774307711849513e-02
2.180356735299957688e-02
2.201981701010656198e-02
2.223644129201282627e-02
2.245338817467553219e-02
2.267060437078781410e-02
2.288803533570440280e-02
2.310562527473285915e-02
2.332331715198046607e-02
2.354105270070813369e-02
2.375877243533403710e-02
2.397641566498224033e-02
2.419392050870532856e-02
2.441122391250855062e-02
2.462826166793130947e-02
2.484496843249955206e-02
2.506127775200048605e-02
2.527712208443477424e-02
2.549243282597580401e-02
2.570714033869750739e-02
2.592117398020083591e-02
2.613446213516838063e-02
2.634693224884019844e-02
2.655851086242775813e-02
2.676912365041656666e-02
2.697869545990666182e-02
2.718715035180405484e-02
2.739441164404440160e-02
2.760040195670838969e-02
2.780504325909172528e-02
2.800825691866336634e-02
2.820996375198052408e-02
2.841008407743076183e-02
2.860853776987361610e-02
2.880524431702388005e-02
2.900012287777994566e-02
2.919309234212380533e-02
2.938407139283210484e-02
2.957297856879918807e-02
2.975973233006407384e-02
2.994425112413370491e-02
3.012645345414110068e-02
3.030625794806472706e-02
3.048358342956246012e-02
3.065834898987240473e-02
3.083047406099090337e-02
3.099987848996423739e-02
3.116648261409452753e-02
3.133020733711924799e-02
3.149097420609720671e-02
3.164870548916708798e-02
3.180332425376441313e-02
3.195475444524265712e-02
3.210292096609244916e-02
3.224774975516724040e-02
3.238916786714234747e-02
3.252710355193229319e-02
3.266148633395554723e-02
3.279224709119105824e-02
3.291931813369231019e-02
3.304263328169580044e-02
3.316212794298670913e-02
3.327773918939671421e-02
3.338940583240586346e-02
3.349706849767493388e-02
3.360066969810247828e-02
3.370015390585399256e-02
3.379546762251762343e-02
3.388655944779571383e-02
3.397338014628128317e-02
3.405588271233189746e-02
3.413402243285842269e-02
3.420775694787381305e-02
3.427704630867400154e-02
3.434185303357716740e-02
3.440214216102101957e-02
3.445788130002069849e-02
3.450904067760478949e-02
3.455559318356771908e-02
3.459751441187933901e-02
3.463478269922094094e-02
3.466737915997376157e-02
3.469528771814309881e-02
3.471849513568808082e-02
3.473699103739413124e-02
3.475076793228813049e-02
3.475982123118514372e-02
3.476414926088366303e-02
3.476375327432935231e-02
3.475863745722087422e-02
3.474880893077243738e-02
3.473427775067382955e-02
3.471505690214732320e-02
3.469116229133477336e-02
3.466261273272954607e-02
3.462942993290307747e-02
3.459163847035953004e-02
3.454926577167987539e-02
3.450234208400657782e-02
3.445090044375351962e-02
3.439497664179877456e-02
3.433460918505441134e-02
3.426983925463970848e-02
3.420071066057451398e-02
3.412726979328158106e-02
3.404956557173221404e-02
3.396764938861339400e-02
3.388157505234898337e-02
3.379139872641129250e-02
3.369717886569922882e-02
3.359897615032823859e-02
3.349685341694740026e-02
3.339087558765132385e-02
3.328110959662650137e-02
3.316762431471859118e-02
3.305049047210972119e-02
3.292978057916826073e-02
3.280556884554652192e-02
3.267793109801471474e-02
3.254694469681171376e-02
3.241268845083529471e-02
3.227524253189822251e-02
3.213468838804064975e-02
3.199110865625964806e-02
3.184458707463592303e-02
3.169520839409797203e-02
3.154305828995725841e-02
3.138822327345379415e-02
3.123079060331213075e-02
3.107084819757577332e-02
3.090848454586486715e-02
3.074378862208491242e-02
3.057684979787360369e-02
3.040775775683089710e-02
3.023660240973006369e-02
3.006347381072273922e-02
2.988846207478430134e-02
2.971165729650192266e-02
2.953314947016453390e-02
2.935302841150424363e-02
2.917138368101288709e-02
2.898830450895079763e-02
2.880387972220652820e-02
2.861819767307604429e-02
2.843134616994317382e-02
2.824341240999488772e-02
2.805448291420212931e-02
2.786464346423832977e-02
2.767397904180051577e-02
2.748257377009882124e-02
2.729051085769654966e-02
2.709787254464787742e-02
2.690474005104335348e-02
2.671119352798661389e-02
2.651731201083230849e-02
2.632317337507381755e-02
2.612885429442799584e-02
2.593443020147169487e-02
2.573997525076934800e-02
2.554556228424181841e-02
2.535126279907141261e-02
2.515714691794877084e-02
2.496328336174923751e-02
2.476973942436202364e-02
2.457658095011104604e-02
2.438387231315768816e-02
2.419167639936686820e-02
2.400005459026084698e-02
2.380906674912756232e-02
2.361877120926614282e-02
2.342922476426638478e-02
2.324048266038811206e-02
2.305259859068566758e-02
2.286562469131208503e-02
2.267961153941400188e-02
2.249460815297293220e-02
2.231066199230059832e-02
2.212781896321520947e-02
2.194612342188047294e-02
2.176561818103411872e-02
2.158634451791298370e-02
2.140834218338633077e-02
2.123164941257062177e-02
2.105630293673318998e-02
2.088233799632521759e-02
2.070978835531922524e-02
2.053868631653361920e-02
2.036906273805705325e-02
2.020094705065290930e-02
2.003436727603113976e-02
1.986935004608982036e-02
1.970592062281242840e-02
1.954410291904636054e-02
1.938391951989033857e-02
1.922539170473060166e-02
1.906853946983394499e-02
1.891338155157740175e-02
1.875993544996241991e-02
1.860821745273792682e-02
1.845824265976798995e-02
1.831002500782621945e-02
1.816357729558966405e-02
1.801891120894669185e-02
1.787603734646793507e-02
1.773496524497958360e-02
1.759570340540903000e-02
1.745825931851428814e-02
1.732263949079382304e-02
1.718884947040678901e-02
1.705689387295102055e-02
1.692677640732602462e-02
1.679849990142943950e-02
1.667206632776849218e-02
1.654747682891012650e-02
1.642473174279582282e-02
1.630383062783784254e-02
1.618477228785240862e-02
1.606755479667196229e-02
1.595217552261517235e-02
1.583863115259612209e-02
1.572691771600971677e-02
1.561703060824586042e-02
1.550896461395903647e-02
1.540271392996492295e-02
1.529827218778312403e-02
1.519563247586418198e-02
1.509478736138464283e-02
1.499572891180099565e-02
1.489844871582247932e-02
1.480293790417919197e-02
1.470918716988366126e-02
1.461718678814546979e-02
1.452692663582617894e-02
1.443839621057853295e-02
1.435158464944442935e-02
1.426648074715104741e-02
1.418307297393860134e-02
1.410134949296482088e-02
1.402129817730177197e-02
1.394290662655450763e-02
1.386616218298879211e-02
1.379105194728412476e-02
1.371756279390859423e-02
1.364568138599413227e-02
1.357539418990992564e-02
1.350668748931714569e-02
1.343954739893397921e-02
1.337395987782014073e-02
1.330991074230750137e-02
1.324738567853867011e-02
1.318637025460138446e-02
1.312684993231075237e-02
1.306881007860638544e-02
1.301223597656442355e-02
1.295711283608343145e-02
1.290342580417998264e-02
1.285115997494770679e-02
1.280030039917980089e-02
1.275083209363071790e-02
1.270274004996213568e-02
1.265600924338187994e-02
1.261062464090467738e-02
1.256657120935963934e-02
1.252383392308202559e-02
1.248239777124765526e-02
1.244224776502170227e-02
1.240336894431717796e-02
1.236574638431922613e-02
1.232936520174920947e-02
1.229421056083042363e-02
1.226026767904564441e-02
1.222752183254079139e-02
1.219595836141930401e-02
1.216556267467742980e-02
1.213632025497644873e-02
1.210821666314775003e-02
1.208123754250362003e-02
1.205536862291210765e-02
1.203059572467933547e-02
1.200690476223405245e-02
1.198428174758146836e-02
1.196271279359922834e-02
1.194218411712869021e-02
1.192268204191007652e-02
1.190419300131119462e-02
1.188670354091737880e-02
1.187020032093061284e-02
1.185467011844375251e-02
1.184009982952219375e-02
1.182647647117451850e-02
1.181378718316354604e-02
1.180201922966125916e-02
1.179116000083087201e-02
1.178119701417817966e-02
1.177211791590117296e-02
1.176391048202975187e-02
1.175656261947870262e-02
1.175006236698965256e-02
1.174439789598108463e-02
1.173955751127345182e-02
1.173552965171020812e-02
1.173230289072332844e-02
1.172986593677739775e-02
1.172820763369920860e-02
1.172731696099001131e-02
1.172718303401286410e-02
1.172779510409845127e-02
1.172914255859539012e-02
1.173121492086329209e-02
1.173400185014439323e-02
1.173749314143344991e-02
1.174167872523834699e-02
1.174654866730948100e-02
1.175209316831363204e-02
1.175830256340895663e-02
1.176516732183559288e-02
1.177267804642126436e-02
1.178082547302963801e-02
1.178960046999480427e-02
1.179899403748983777e-02
1.180899730686413296e-02
1.181960153994431051e-02
1.183079812832298072e-02
1.184257859254515821e-02
1.185493458132069744e-02
1.186785787074019771e-02
1.188134036335906918e-02
1.189537408733710999e-02
1.190995119553124593e-02
1.192506396456051443e-02
1.194070479383808892e-02
1.195686620463973227e-02
1.197354083905255440e-02
1.199072145900009767e-02
1.200840094523619728e-02
1.202657229625730961e-02
1.204522862727382126e-02
1.206436316914492879e-02
1.208396926731178378e-02
1.210404038067339205e-02
1.212457008053016705e-02
1.214555204944768596e-02
1.216698008018116117e-02
1.218884807451664498e-02
1.221115004219550104e-02
1.223388009972785351e-02
1.225703246931358903e-02
1.228060147769396981e-02
1.230458155500151196e-02
1.232896723362374158e-02
1.235375314709644123e-02
1.237893402892750738e-02
1.240450471147111489e-02
1.243046012481228979e-02
1.245679529560637933e-02
1.248350534595321637e-02
1.251058549227128391e-02
1.253803104417361425e-02
1.256583740332807564e-02
1.259400006238010905e-02
1.262251460378525925e-02
1.265137669873191151e-02
1.268058210603627278e-02
1.271012667103735283e-02
1.274000632450582315e-02
1.277021708155981483e-02
1.280075504057724689e-02
1.283161638215325751e-02
1.286279736798998097e-02
1.289429433987653029e-02
1.292610371861867280e-02
1.295822200299452664e-02
1.299064576874495169e-02
1.302337166753618491e-02
1.305639642591206739e-02
1.308971684432780336e-02
1.312332979612820805e-02
1.315723222656932367e-02
1.319142115181748398e-02
1.322589365799695105e-02
1.326064690019938819e-02
1.329567810158006902e-02
1.333098455233786006e-02
1.336656360885132844e-02
1.340241269270382729e-02
1.343852928980746042e-02
1.347491094945418855e-02
1.351155528344499812e-02
1.354845996521213125e-02
1.358562272891356004e-02
1.362304136858470682e-02
1.366071373727455185e-02
1.369863774620776187e-02
1.373681136393814506e-02
1.377523261550384071e-02
1.381389958166404086e-02
1.385281039801601610e-02
1.389196325426826639e-02
1.393135639339744547e-02
1.397098811091110337e-02
1.401085675404971365e-02
1.405096072104421168e-02
1.409129846036659417e-02
1.413186846997531443e-02
1.417266929660751518e-02
1.421369953504697525e-02
1.425495782741460771e-02
1.429644286246936624e-02
1.433815337491609054e-02
1.438008814472722940e-02
1.442224599647497219e-02
1.446462579863215525e-02
1.450722646299633378e-02
1.455004694394558540e-02
1.459308623789033754e-02
1.463634338260029477e-02
1.467981745659902026e-02
1.472350757854810899e-02
1.476741290665911643e-02
1.481153263811069154e-02
1.485586600843274985e-02
1.490041229098605646e-02
1.494517079632731726e-02
1.499014087172519105e-02
1.503532190057568774e-02
1.508071330187134296e-02
1.512631452964437184e-02
1.517212507250176312e-02
1.521814445305628982e-02
1.526437222743037836e-02
1.531080798479467209e-02
1.535745134684241009e-02
1.540430196730717405e-02
1.545135953150492125e-02
1.549862375585520091e-02
1.554609438742665661e-02
1.559377120348599821e-02
1.564165401104697373e-02
1.568974264643668848e-02
1.573803697488100617e-02
1.578653689005178606e-02
1.583524231368003965e-02
1.588415319511531087e-02
1.593326951098567035e-02
1.598259126469811497e-02
1.603211848617488999e-02
1.608185123138337891e-02
1.613178958198915880e-02
1.618193364500905562e-02
1.623228355240521892e-02
1.628283946079021882e-02
1.633360155100377353e-02
1.638457002785427552e-02
1.643574511969725371e-02
1.648712707818904277e-02
1.653871617789300086e-02
1.659051271602450528e-02
1.664251701207972167e-02
1.669472940756325241e-02
1.674715026570711141e-02
1.679977997109602383e-02
1.685261892950089269e-02
1.690566756748848598e-02
1.695892633219592271e-02
1.701239569105658656e-02
1.706607613150869229e-02
1.711996816076803707e-02
1.717407230553830155e-02
1.722838911178206645e-02
1.728291914446927757e-02
1.733766298734652767e-02
1.739262124267337839e-02
1.744779453101939770e-02
1.750318349102650273e-02
1.755878877920079295e-02
1.761461106965407641e-02
1.767065105394774460e-02
1.772690944087419729e-02
1.778338695619836873e-02
1.784008434253456232e-02
1.789700235911226289e-02
1.795414178160439911e-02
1.801150340190876831e-02
1.806908802801619751e-02
1.812689648380237661e-02
1.818492960885091658e-02
1.824318825832844937e-02
1.830167330275390969e-02
1.836038562789618633e-02
1.841932613458503731e-02
1.847849573859139394e-02
1.853789537042266344e-02
1.859752597525334006e-02
1.865738851270816456e-02
1.871748395678059229e-02
1.877781329568187219e-02
1.883837753170747309e-02
1.889917768110524476e-02
1.896021477397653865e-02
1.902148985411314386e-02
1.908300397893136768e-02
1.914475821934713551e-02
1.920675365963200876e-02
1.926899139734379596e-02
1.933147254322246933e-02
1.939419822107046887e-02
1.945716956767117034e-02
1.952038773269694494e-02
1.958385387861028004e-02
1.964756918057183888e-02
1.971153482640056187e-02
1.977575201642968461e-02
1.984022196345296141e-02
1.990494589268476666e-02
1.996992504164213367e-02
2.003516066007710039e-02
2.010065400994895390e-02
2.016640636532014697e-02
2.023241901232333828e-02
2.029869324909894246e-02
2.036523038570318966e-02
2.043203174410465617e-02
2.049909865812007959e-02
2.056643247334150049e-02
2.063403454712238461e-02
2.070190624851517280e-02
2.077004895823311714e-02
2.083846406863293366e-02
2.090715298365235231e-02
2.097611711879450447e-02
2.104535790106894233e-02
2.111487676902112920e-02
2.118467517263356026e-02
2.125475457336913065e-02
2.132511644410174656e-02
2.139576226911805990e-02
2.146669354409838637e-02
2.153791177608894991e-02
2.160941848352269934e-02
2.168121519615685833e-02
2.175330345511976293e-02
2.182568481286055462e-02
2.189836083316999693e-02
2.197133309115792410e-02
2.204460317328446606e-02
2.211817267732014980e-02
2.219204321238753275e-02
2.226621639894385551e-02
2.234069386879145025e-02
2.241547726508641425e-02
2.249056824235942664e-02
2.256596846652615673e-02
2.264167961488726399e-02
2.271770337617176616e-02
2.279404145052316144e-02
2.287069554953932715e-02
2.294766739629160168e-02
2.302495872535774424e-02
2.310257128283060846e-02
2.318050682635110216e-02
2.325876712513594291e-02
2.333735396000888307e-02
2.341626912345969036e-02
2.349551441961639231e-02
2.357509166433721659e-02
2.365500268522967298e-02
2.373524932167657420e-02
2.381583342489848598e-02
2.389675685797454374e-02
2.397802149591010679e-02
2.405962922565410556e-02
2.414158194617016528e-02
2.422388156845221852e-02
2.430653001561991489e-02
2.438952922295158088e-02
2.447288113789809760e-02
2.455658772019565783e-02
2.464065094190739935e-02
2.472507278742513970e-02
2.480985525361162347e-02
2.489500034980919596e-02
2.498051009790051846e-02
2.506638653241785586e-02
2.515263170053613773e-02
2.523924766219612370e-02
2.532623649014950629e-02
2.541360027003003452e-02
2.550134110041596402e-02
2.558946109293067095e-02
2.567796237225826450e-02
2.576684707628583426e-02
2.585611735612600159e-02
2.594577537622620722e-02
2.603582331443636544e-02
2.612626336206957944e-02
2.621709772402010252e-02
2.630832861881364504e-02
2.639995827871145784e-02
2.649198894977625174e-02
2.658442289197628094e-02
2.667726237927207922e-02
2.677050969968931826e-02
2.686416715542636058e-02
2.695823706292017896e-02
2.705272175297819548e-02
2.714762357085807876e-02
2.724294487631805095e-02
2.733868804379209483e-02
2.743485546242811768e-02
2.753144953621458613e-02
2.762847268406899703e-02
2.772592733994369563e-02
2.782381595293516308e-02
2.792214098737248740e-02
2.802090492295267188e-02
2.812011025479788096e-02
2.821975949363932090e-02
2.831985516583805651e-02
2.842039981357236123e-02
2.852139599488802413e-02
2.862284628386661811e-02
2.872475327070182771e-02
2.882711956184169644e-02
2.892994778007883239e-02
2.903324056467704306e-02
2.913700057151878686e-02
2.924123047320405233e-02
2.934593295914750266e-02
2.945111073575888694e-02
2.955676652651936798e-02
2.966290307212550437e-02
2.976952313063323252e-02
2.987662947755674592e-02
2.998422490603676327e-02
3.009231222691338692e-02
3.020089426892733075e-02
3.030997387880145222e-02
3.041955392141422465e-02
3.052963727989167764e-02
3.064022685580515548e-02
3.075132556926152283e-02
3.086293635907316757e-02
3.097506218286555368e-02
3.108770601726977556e-02
3.120087085804051918e-02
3.131455972018790113e-02
3.142877563814053254e-02
3.154352166592246098e-02
3.165880087725725378e-02
3.177461636574147041e-02
3.189097124499211400e-02
3.200786864880969529e-02
3.212531173134997031e-02
3.224330366723149321e-02
3.236184765173510947e-02
3.248094690096528514e-02
3.260060465198888480e-02
3.272082416300343966e-02
3.284160871354011024e-02
3.296296160456603508e-02
3.308488615870464056e-02
3.320738572038135772e-02
3.333046365598668626e-02
3.345412335407568771e-02
3.357836822551717171e-02
3.370320170368798496e-02
3.382862724462566695e-02
3.395464832722273896e-02
3.408126845341231947e-02
3.420849114834159654e-02
3.433631996054530011e-02
3.446475846215213412e-02
3.459381024903916690e-02
3.472347894105214106e-02
3.485376818219802775e-02
3.498468164078206988e-02
3.511622300966105170e-02
3.524839600643064896e-02
3.538120437355032899e-02
3.551465187865733564e-02
3.564874231465516019e-02
3.578347949999109712e-02
3.591886727883839003e-02
3.605490952125929571e-02
3.619161012347570094e-02
3.632897300801483931e-02
3.646700212398164276e-02
3.660570144722527508e-02
3.674507498055944177e-02
3.688512675399657770e-02
3.702586082493519726e-02
3.716728127840449036e-02
3.730939222726728510e-02
3.745219781245770485e-02
3.759570220317892675e-02
3.773990959717379856e-02
3.788482422089831103e-02
3.803045032979221474e-02
3.817679220851494248e-02
3.832385417111214276e-02
3.847164056133486887e-02
3.862015575285121516e-02
3.876940414943713664e-02
3.891939018530604644e-02
3.907011832525800199e-02
3.922159306499889420e-02
3.937381893135208366e-02
3.952680048250126199e-02
3.968054230828882423e-02
3.983504903041709677e-02
3.999032530271201535e-02
4.014637581140415024e-02
4.030320527538891473e-02
4.046081844647636538e-02
4.061922010962712437e-02
4.077841508329585474e-02
4.093840821960126330e-02
4.109920440471467873e-02
4.126080855899882938e-02
4.142322563740336028e-02
4.158646062965218326e-02
4.175051856060429945e-02
4.191540449047237438e-02
4.208112351512804938e-02
4.224768076639337511e-02
4.241508141237040896e-02
4.258333065763203473e-02
4.275243374359319337e-02
4.292239594881272491e-02
4.309322258925704641e-02
4.326491901864015777e-02
4.343749062865956412e-02
4.361094284939179277e-02
4.378528114951790728e-02
4.396051103672249383e-02
4.413663805793305306e-02
4.431366779967735314e-02
4.449160588837833274e-02
4.467045799071839296e-02
4.485022981390307528e-02
4.503092710604270077e-02
4.521255565648196750e-02
4.539512129608791469e-02
4.557862989762462291e-02
4.576308737608281163e-02
4.594849968902678383e-02
4.613487283691361518e-02
4.632221286347479317e-02
4.651052585606316181e-02
4.669981794597211078e-02
4.689009530883803123e-02
4.708136416496991328e-02
4.727363077971363792e-02
4.746690146383014675e-02
4.766118257385973389e-02
4.785648051247592960e-02
4.805280172889489498e-02
4.825015271921195836e-02
4.844854002684223504e-02
4.864797024281553028e-02
4.884845000625512301e-02
4.904998600471083270e-02
4.925258497456841411e-02
4.945625370146936040e-02
4.966099902065437832e-02
4.986682781743176363e-02
5.007374702754169293e-02
5.028176363758990464e-02
5.049088468543974639e-02
5.070111726063891711e-02
5.091246850488090336e-02
5.112494561233804635e-02
5.133855583017502000e-02
5.155330645894434793e-02
5.176920485300273711e-02
5.198625842102455596e-02
5.220447462632449298e-02
5.242386098741266820e-02
5.264442507839015017e-02
5.286617452939998407e-02
5.308911702712679204e-02
5.331326031519922903e-02
5.353861219469305266e-02
5.376518052461684571e-02
5.399297322229365537e-02
5.422199826397508526e-02
5.445226368518477078e-02
5.468377758131859334e-02
5.491654810803672793e-02
5.515058348181181569e-02
5.538589198041815598e-02
5.562248194341742891e-02
5.586036177267911240e-02
5.609953993286967422e-02
5.634002495197992788e-02
5.658182542182810248e-02
5.682494999862536256e-02
5.706940740342683616e-02
5.731520642270060417e-02
5.756235590890362852e-02
5.781086478095012748e-02
5.806074202476668722e-02
5.831199669388206774e-02
5.856463790993374219e-02
5.881867486327158057e-02
5.907411681344704180e-02
5.933097308986196028e-02
5.958925309226120737e-02
5.984896629135025292e-02
6.011012222939884908e-02
6.037273052074756952e-02
6.063680085247047380e-02
6.090234298493368836e-02
6.116936675237480414e-02
6.143788206356554094e-02
6.170789890236338948e-02
6.197942732834998969e-02
6.225247747741746718e-02
6.252705956244497543e-02
6.280318387389891011e-02
6.308086078044006229e-02
6.336010072959322170e-02
6.364091424838555500e-02
6.392331194398498395e-02
6.420730450435938041e-02
6.449290269891494454e-02
6.478011737917968582e-02
6.506895947949384307e-02
6.535944001762397648e-02
6.565157009549155154e-02
6.594536089983213389e-02
6.624082370289968713e-02
6.653796986314658435e-02
6.683681082593831424e-02
6.713735812425083993e-02
6.743962337938183560e-02
6.774361830166192311e-02
6.804935469120407254e-02
6.835684443857667492e-02
6.866609952561192332e-02
6.897713202607541616e-02
6.928995410645025221e-02
6.960457802666908389e-02
6.992101614090862061e-02
7.023928089826270149e-02
7.055938484363047380e-02
7.088134061839293509e-02
7.120516096123866157e-02
7.153085870893749476e-02
7.185844679711075877e-02
7.218793826108821365e-02
7.251934623664357815e-02
7.285268396085148312e-02
7.318796477287156654e-02
7.352520211478114076e-02
7.386440953242173757e-02
7.420560067619014211e-02
7.454878930191269348e-02
7.489398927168836040e-02
7.524121455473528619e-02
7.559047922823386445e-02
7.594179747820450910e-02
7.629518360039236335e-02
7.665065200112078370e-02
7.700821719818645716e-02
7.736789382174411034e-02
7.772969661523285168e-02
7.809364043620883877e-02
7.845974025733754020e-02
7.882801116724375001e-02
7.919846837146915508e-02
7.957112719341602469e-02
7.994600307520416393e-02
8.032311157873950336e-02
8.070246838654676624e-02
8.108408930275826099e-02
8.146799025413389850e-02
8.185418729093549284e-02
8.224269658798147309e-02
8.263353444560792016e-02
8.302671729060878691e-02
8.342226167729061004e-02
8.382018428848558855e-02
8.422050193648486505e-02
8.462323156413140146e-02
8.502839024579836313e-02
8.543599518846117791e-02
8.584606373269326740e-02
8.625861335372075889e-02
8.667366166251536108e-02
8.709122640678315652e-02
8.751132547207829404e-02
8.793397688289586456e-02
8.835919880366763235e-02
8.878700953996940259e-02
8.921742753949593596e-02
8.965047139325096892e-02
9.008615983661927284e-02
9.052451175048728538e-02
9.096554616238802793e-02
9.140928224758010368e-02
9.185573933025159565e-02
9.230493688465110647e-02
9.275689453617369518e-02
9.321163206264457268e-02
9.366916939540156917e-02
9.412952662047127661e-02
