0.000000000000000000e+00
1.000000000000000021e-03
2.000000000000000042e-03
3.000000000000000062e-03
4.000000000000000083e-03
5.000000000000000104e-03
6.000000000000000125e-03
7.000000000000000146e-03
8.000000000000000167e-03
9.000000000000001055e-03
1.000000000000000194e-02
1.100000000000000283e-02
1.200000000000000372e-02
1.300000000000000461e-02
1.400000000000000550e-02
1.500000000000000638e-02
1.600000000000000727e-02
1.700000000000000816e-02
1.800000000000000905e-02
1.900000000000000994e-02
2.000000000000001082e-02
2.100000000000001171e-02
2.200000000000001260e-02
2.300000000000001349e-02
2.400000000000001438e-02
2.500000000000001527e-02
2.600000000000001615e-02
2.700000000000001704e-02
2.800000000000001793e-02
2.900000000000001882e-02
3.000000000000001971e-02
3.100000000000002059e-02
3.200000000000002148e-02
3.300000000000002237e-02
3.400000000000002326e-02
3.500000000000002415e-02
3.600000000000002504e-02
3.700000000000002592e-02
3.800000000000002681e-02
3.900000000000002770e-02
4.000000000000002859e-02
4.100000000000002948e-02
4.200000000000003036e-02
4.300000000000003125e-02
4.400000000000003214e-02
4.500000000000003303e-02
4.600000000000003392e-02
4.700000000000003481e-02
4.800000000000003569e-02
4.900000000000003658e-02
5.000000000000003747e-02
5.100000000000003836e-02
5.200000000000003925e-02
5.300000000000004013e-02
5.400000000000004102e-02
5.500000000000004191e-02
5.600000000000004280e-02
5.700000000000004369e-02
5.800000000000004458e-02
5.900000000000004546e-02
6.000000000000004635e-02
6.100000000000004724e-02
6.200000000000004813e-02
6.300000000000004208e-02
6.400000000000004297e-02
6.500000000000004385e-02
6.600000000000004474e-02
6.700000000000004563e-02
6.800000000000004652e-02
6.900000000000004741e-02
7.000000000000004829e-02
7.100000000000004918e-02
7.200000000000005007e-02
7.300000000000005096e-02
7.400000000000005185e-02
7.500000000000005274e-02
7.600000000000005362e-02
7.700000000000005451e-02
7.800000000000005540e-02
7.900000000000005629e-02
8.000000000000005718e-02
8.100000000000005806e-02
8.200000000000005895e-02
8.300000000000005984e-02
8.400000000000006073e-02
8.500000000000006162e-02
8.600000000000006251e-02
8.700000000000006339e-02
8.800000000000006428e-02
8.900000000000006517e-02
9.000000000000006606e-02
9.100000000000006695e-02
9.200000000000006783e-02
9.300000000000006872e-02
9.400000000000006961e-02
9.500000000000007050e-02
9.600000000000007139e-02
9.700000000000007228e-02
9.800000000000007316e-02
9.900000000000007405e-02
1.000000000000000749e-01
1.010000000000000758e-01
1.020000000000000767e-01
1.030000000000000776e-01
1.040000000000000785e-01
1.050000000000000794e-01
1.060000000000000803e-01
1.070000000000000812e-01
1.080000000000000820e-01
1.090000000000000829e-01
1.100000000000000838e-01
1.110000000000000847e-01
1.120000000000000856e-01
1.130000000000000865e-01
1.140000000000000874e-01
1.150000000000000883e-01
1.160000000000000892e-01
1.170000000000000900e-01
1.180000000000000909e-01
1.190000000000000918e-01
1.200000000000000927e-01
1.210000000000000936e-01
1.220000000000000945e-01
1.230000000000000954e-01
1.240000000000000963e-01
1.250000000000000833e-01
1.260000000000000842e-01
1.270000000000000850e-01
1.280000000000000859e-01
1.290000000000000868e-01
1.300000000000000877e-01
1.310000000000000886e-01
1.320000000000000895e-01
1.330000000000000904e-01
1.340000000000000913e-01
1.350000000000000921e-01
1.360000000000000930e-01
1.370000000000000939e-01
1.380000000000000948e-01
1.390000000000000957e-01
1.400000000000000966e-01
1.410000000000000975e-01
1.420000000000000984e-01
1.430000000000000993e-01
1.440000000000001001e-01
1.450000000000001010e-01
1.460000000000001019e-01
1.470000000000001028e-01
1.480000000000001037e-01
1.490000000000001046e-01
1.500000000000001055e-01
1.510000000000001064e-01
1.520000000000001072e-01
1.530000000000001081e-01
1.540000000000001090e-01
1.550000000000001099e-01
1.560000000000001108e-01
1.570000000000001117e-01
1.580000000000001126e-01
1.590000000000001135e-01
1.600000000000001144e-01
1.610000000000001152e-01
1.620000000000001161e-01
1.630000000000001170e-01
1.640000000000001179e-01
1.650000000000001188e-01
1.660000000000001197e-01
1.670000000000001206e-01
1.680000000000001215e-01
1.690000000000001223e-01
1.700000000000001232e-01
1.710000000000001241e-01
1.720000000000001250e-01
1.730000000000001259e-01
1.740000000000001268e-01
1.750000000000001277e-01
1.760000000000001286e-01
1.770000000000001295e-01
1.780000000000001303e-01
1.790000000000001312e-01
1.800000000000001321e-01
1.810000000000001330e-01
1.820000000000001339e-01
1.830000000000001348e-01
1.840000000000001357e-01
1.850000000000001366e-01
1.860000000000001374e-01
1.870000000000001383e-01
1.880000000000001392e-01
1.890000000000001401e-01
1.900000000000001410e-01
1.910000000000001419e-01
1.920000000000001428e-01
1.930000000000001437e-01
1.940000000000001446e-01
1.950000000000001454e-01
1.960000000000001463e-01
1.970000000000001472e-01
1.980000000000001481e-01
1.990000000000001490e-01
2.000000000000001499e-01
2.010000000000001508e-01
2.020000000000001517e-01
2.030000000000001525e-01
2.040000000000001534e-01
2.050000000000001543e-01
2.060000000000001552e-01
2.070000000000001561e-01
2.080000000000001570e-01
2.090000000000001579e-01
2.100000000000001588e-01
2.110000000000001597e-01
2.120000000000001605e-01
2.130000000000001614e-01
2.140000000000001623e-01
2.150000000000001632e-01
2.160000000000001641e-01
2.170000000000001650e-01
2.180000000000001659e-01
2.190000000000001668e-01
2.200000000000001676e-01
2.210000000000001685e-01
2.220000000000001694e-01
2.230000000000001703e-01
2.240000000000001712e-01
2.250000000000001721e-01
2.260000000000001730e-01
2.270000000000001739e-01
2.280000000000001747e-01
2.290000000000001756e-01
2.300000000000001765e-01
2.310000000000001774e-01
2.320000000000001783e-01
2.330000000000001792e-01
2.340000000000001801e-01
2.350000000000001810e-01
2.360000000000001819e-01
2.370000000000001827e-01
2.380000000000001836e-01
2.390000000000001845e-01
2.400000000000001854e-01
2.410000000000001863e-01
2.420000000000001872e-01
2.430000000000001881e-01
2.440000000000001890e-01
2.450000000000001898e-01
2.460000000000001907e-01
2.470000000000001916e-01
2.480000000000001925e-01
2.490000000000001934e-01
2.500000000000001665e-01
2.510000000000001674e-01
2.520000000000001683e-01
2.530000000000001692e-01
2.540000000000001701e-01
2.550000000000001710e-01
2.560000000000001719e-01
2.570000000000001728e-01
2.580000000000001736e-01
2.590000000000001745e-01
2.600000000000001754e-01
2.610000000000001763e-01
2.620000000000001772e-01
2.630000000000001781e-01
2.640000000000001790e-01
2.650000000000001799e-01
2.660000000000001807e-01
2.670000000000001816e-01
2.680000000000001825e-01
2.690000000000001834e-01
2.700000000000001843e-01
2.710000000000001852e-01
2.720000000000001861e-01
2.730000000000001870e-01
2.740000000000001878e-01
2.750000000000001887e-01
2.760000000000001896e-01
2.770000000000001905e-01
2.780000000000001914e-01
2.790000000000001923e-01
2.800000000000001932e-01
2.810000000000001941e-01
2.820000000000001950e-01
2.830000000000001958e-01
2.840000000000001967e-01
2.850000000000001976e-01
2.860000000000001985e-01
2.870000000000001994e-01
2.880000000000002003e-01
2.890000000000002012e-01
2.900000000000002021e-01
2.910000000000002029e-01
2.920000000000002038e-01
2.930000000000002047e-01
2.940000000000002056e-01
2.950000000000002065e-01
2.960000000000002074e-01
2.970000000000002083e-01
2.980000000000002092e-01
2.990000000000002101e-01
3.000000000000002109e-01
3.010000000000002118e-01
3.020000000000002127e-01
3.030000000000002136e-01
3.040000000000002145e-01
3.050000000000002154e-01
3.060000000000002163e-01
3.070000000000002172e-01
3.080000000000002180e-01
3.090000000000002189e-01
3.100000000000002198e-01
3.110000000000002207e-01
3.120000000000002216e-01
3.130000000000002225e-01
3.140000000000002234e-01
3.150000000000002243e-01
3.160000000000002252e-01
3.170000000000002260e-01
3.180000000000002269e-01
3.190000000000002278e-01
3.200000000000002287e-01
3.210000000000002296e-01
3.220000000000002305e-01
3.230000000000002314e-01
3.240000000000002323e-01
3.250000000000002331e-01
3.260000000000002340e-01
3.270000000000002349e-01
3.280000000000002358e-01
3.290000000000002367e-01
3.300000000000002376e-01
3.310000000000002385e-01
3.320000000000002394e-01
3.330000000000002403e-01
3.340000000000002411e-01
3.350000000000002420e-01
3.360000000000002429e-01
3.370000000000002438e-01
3.380000000000002447e-01
3.390000000000002456e-01
3.400000000000002465e-01
3.410000000000002474e-01
3.420000000000002482e-01
3.430000000000002491e-01
3.440000000000002500e-01
3.450000000000002509e-01
3.460000000000002518e-01
3.470000000000002527e-01
3.480000000000002536e-01
3.490000000000002545e-01
3.500000000000002554e-01
3.510000000000002562e-01
3.520000000000002571e-01
3.530000000000002580e-01
3.540000000000002589e-01
3.550000000000002598e-01
3.560000000000002607e-01
3.570000000000002616e-01
3.580000000000002625e-01
3.590000000000002633e-01
3.600000000000002642e-01
3.610000000000002651e-01
3.620000000000002660e-01
3.630000000000002669e-01
3.640000000000002678e-01
3.650000000000002687e-01
3.660000000000002696e-01
3.670000000000002705e-01
3.680000000000002713e-01
3.690000000000002722e-01
3.700000000000002731e-01
3.710000000000002740e-01
3.720000000000002749e-01
3.730000000000002758e-01
3.740000000000002767e-01
3.750000000000002776e-01
3.760000000000002784e-01
3.770000000000002793e-01
3.780000000000002802e-01
3.790000000000002811e-01
3.800000000000002820e-01
3.810000000000002829e-01
3.820000000000002838e-01
3.830000000000002847e-01
3.840000000000002855e-01
3.850000000000002864e-01
3.860000000000002873e-01
3.870000000000002882e-01
3.880000000000002891e-01
3.890000000000002900e-01
3.900000000000002909e-01
3.910000000000002918e-01
3.920000000000002927e-01
3.930000000000002935e-01
3.940000000000002944e-01
3.950000000000002953e-01
3.960000000000002962e-01
3.970000000000002971e-01
3.980000000000002980e-01
3.990000000000002989e-01
4.000000000000002998e-01
4.010000000000003006e-01
4.020000000000003015e-01
4.030000000000003024e-01
4.040000000000003033e-01
4.050000000000003042e-01
4.060000000000003051e-01
4.070000000000003060e-01
4.080000000000003069e-01
4.090000000000003078e-01
4.100000000000003086e-01
4.110000000000003095e-01
4.120000000000003104e-01
4.130000000000003113e-01
4.140000000000003122e-01
4.150000000000003131e-01
4.160000000000003140e-01
4.170000000000003149e-01
4.180000000000003157e-01
4.190000000000003166e-01
4.200000000000003175e-01
4.210000000000003184e-01
4.220000000000003193e-01
4.230000000000003202e-01
4.240000000000003211e-01
4.250000000000003220e-01
4.260000000000003229e-01
4.270000000000003237e-01
4.280000000000003246e-01
4.290000000000003255e-01
4.300000000000003264e-01
4.310000000000003273e-01
4.320000000000003282e-01
4.330000000000003291e-01
4.340000000000003300e-01
4.350000000000003308e-01
4.360000000000003317e-01
4.370000000000003326e-01
4.380000000000003335e-01
4.390000000000003344e-01
4.400000000000003353e-01
4.410000000000003362e-01
4.420000000000003371e-01
4.430000000000003380e-01
4.440000000000003388e-01
4.450000000000003397e-01
4.460000000000003406e-01
4.470000000000003415e-01
4.480000000000003424e-01
4.490000000000003433e-01
4.500000000000003442e-01
4.510000000000003451e-01
4.520000000000003459e-01
4.530000000000003468e-01
4.540000000000003477e-01
4.550000000000003486e-01
4.560000000000003495e-01
4.570000000000003504e-01
4.580000000000003513e-01
4.590000000000003522e-01
4.600000000000003531e-01
4.610000000000003539e-01
4.620000000000003548e-01
4.630000000000003557e-01
4.640000000000003566e-01
4.650000000000003575e-01
4.660000000000003584e-01
4.670000000000003593e-01
4.680000000000003602e-01
4.690000000000003610e-01
4.700000000000003619e-01
4.710000000000003628e-01
4.720000000000003637e-01
4.730000000000003646e-01
4.740000000000003655e-01
4.750000000000003664e-01
4.760000000000003673e-01
4.770000000000003681e-01
4.780000000000003690e-01
4.790000000000003699e-01
4.800000000000003708e-01
4.810000000000003717e-01
4.820000000000003726e-01
4.830000000000003735e-01
4.840000000000003744e-01
4.850000000000003753e-01
4.860000000000003761e-01
4.870000000000003770e-01
4.880000000000003779e-01
4.890000000000003788e-01
4.900000000000003797e-01
4.910000000000003806e-01
4.920000000000003815e-01
4.930000000000003824e-01
4.940000000000003832e-01
4.950000000000003841e-01
4.960000000000003850e-01
4.970000000000003859e-01
4.980000000000003868e-01
4.990000000000003877e-01
5.000000000000003331e-01
5.010000000000003340e-01
5.020000000000003348e-01
5.030000000000003357e-01
5.040000000000003366e-01
5.050000000000003375e-01
5.060000000000003384e-01
5.070000000000003393e-01
5.080000000000003402e-01
5.090000000000003411e-01
5.100000000000003419e-01
5.110000000000003428e-01
5.120000000000003437e-01
5.130000000000003446e-01
5.140000000000003455e-01
5.150000000000003464e-01
5.160000000000003473e-01
5.170000000000003482e-01
5.180000000000003491e-01
5.190000000000003499e-01
5.200000000000003508e-01
5.210000000000003517e-01
5.220000000000003526e-01
5.230000000000003535e-01
5.240000000000003544e-01
5.250000000000003553e-01
5.260000000000003562e-01
5.270000000000003570e-01
5.280000000000003579e-01
5.290000000000003588e-01
5.300000000000003597e-01
5.310000000000003606e-01
5.320000000000003615e-01
5.330000000000003624e-01
5.340000000000003633e-01
5.350000000000003642e-01
5.360000000000003650e-01
5.370000000000003659e-01
5.380000000000003668e-01
5.390000000000003677e-01
5.400000000000003686e-01
5.410000000000003695e-01
5.420000000000003704e-01
5.430000000000003713e-01
5.440000000000003721e-01
5.450000000000003730e-01
5.460000000000003739e-01
5.470000000000003748e-01
5.480000000000003757e-01
5.490000000000003766e-01
5.500000000000003775e-01
5.510000000000003784e-01
5.520000000000003793e-01
5.530000000000003801e-01
5.540000000000003810e-01
5.550000000000003819e-01
5.560000000000003828e-01
5.570000000000003837e-01
5.580000000000003846e-01
5.590000000000003855e-01
5.600000000000003864e-01
5.610000000000003872e-01
5.620000000000003881e-01
5.630000000000003890e-01
5.640000000000003899e-01
5.650000000000003908e-01
5.660000000000003917e-01
5.670000000000003926e-01
5.680000000000003935e-01
5.690000000000003944e-01
5.700000000000003952e-01
5.710000000000003961e-01
5.720000000000003970e-01
5.730000000000003979e-01
5.740000000000003988e-01
5.750000000000003997e-01
5.760000000000004006e-01
5.770000000000004015e-01
5.780000000000004023e-01
5.790000000000004032e-01
5.800000000000004041e-01
5.810000000000004050e-01
5.820000000000004059e-01
5.830000000000004068e-01
5.840000000000004077e-01
5.850000000000004086e-01
5.860000000000004095e-01
5.870000000000004103e-01
5.880000000000004112e-01
5.890000000000004121e-01
5.900000000000004130e-01
5.910000000000004139e-01
5.920000000000004148e-01
5.930000000000004157e-01
5.940000000000004166e-01
5.950000000000004174e-01
5.960000000000004183e-01
5.970000000000004192e-01
5.980000000000004201e-01
5.990000000000004210e-01
6.000000000000004219e-01
6.010000000000004228e-01
6.020000000000004237e-01
6.030000000000004245e-01
6.040000000000004254e-01
6.050000000000004263e-01
6.060000000000004272e-01
6.070000000000004281e-01
6.080000000000004290e-01
6.090000000000004299e-01
6.100000000000004308e-01
6.110000000000004317e-01
6.120000000000004325e-01
6.130000000000004334e-01
6.140000000000004343e-01
6.150000000000004352e-01
6.160000000000004361e-01
6.170000000000004370e-01
6.180000000000004379e-01
6.190000000000004388e-01
6.200000000000004396e-01
6.210000000000004405e-01
6.220000000000004414e-01
6.230000000000004423e-01
6.240000000000004432e-01
6.250000000000004441e-01
6.260000000000004450e-01
6.270000000000004459e-01
6.280000000000004468e-01
6.290000000000004476e-01
6.300000000000004485e-01
6.310000000000004494e-01
6.320000000000004503e-01
6.330000000000004512e-01
6.340000000000004521e-01
6.350000000000004530e-01
6.360000000000004539e-01
6.370000000000004547e-01
6.380000000000004556e-01
6.390000000000004565e-01
6.400000000000004574e-01
6.410000000000004583e-01
6.420000000000004592e-01
6.430000000000004601e-01
6.440000000000004610e-01
6.450000000000004619e-01
6.460000000000004627e-01
6.470000000000004636e-01
6.480000000000004645e-01
6.490000000000004654e-01
6.500000000000004663e-01
6.510000000000004672e-01
6.520000000000004681e-01
6.530000000000004690e-01
6.540000000000004698e-01
6.550000000000004707e-01
6.560000000000004716e-01
6.570000000000004725e-01
6.580000000000004734e-01
6.590000000000004743e-01
6.600000000000004752e-01
6.610000000000004761e-01
6.620000000000004770e-01
6.630000000000004778e-01
6.640000000000004787e-01
6.650000000000004796e-01
6.660000000000004805e-01
6.670000000000004814e-01
6.680000000000004823e-01
6.690000000000004832e-01
6.700000000000004841e-01
6.710000000000004849e-01
6.720000000000004858e-01
6.730000000000004867e-01
6.740000000000004876e-01
6.750000000000004885e-01
6.760000000000004894e-01
6.770000000000004903e-01
6.780000000000004912e-01
6.790000000000004921e-01
6.800000000000004929e-01
6.810000000000004938e-01
6.820000000000004947e-01
6.830000000000004956e-01
6.840000000000004965e-01
6.850000000000004974e-01
6.860000000000004983e-01
6.870000000000004992e-01
6.880000000000005000e-01
6.890000000000005009e-01
6.900000000000005018e-01
6.910000000000005027e-01
6.920000000000005036e-01
6.930000000000005045e-01
6.940000000000005054e-01
6.950000000000005063e-01
6.960000000000005071e-01
6.970000000000005080e-01
6.980000000000005089e-01
6.990000000000005098e-01
7.000000000000005107e-01
7.010000000000005116e-01
7.020000000000005125e-01
7.030000000000005134e-01
7.040000000000005143e-01
7.050000000000005151e-01
7.060000000000005160e-01
7.070000000000005169e-01
7.080000000000005178e-01
7.090000000000005187e-01
7.100000000000005196e-01
7.110000000000005205e-01
7.120000000000005214e-01
7.130000000000005222e-01
7.140000000000005231e-01
7.150000000000005240e-01
7.160000000000005249e-01
7.170000000000005258e-01
7.180000000000005267e-01
7.190000000000005276e-01
7.200000000000005285e-01
7.210000000000005294e-01
7.220000000000005302e-01
7.230000000000005311e-01
7.240000000000005320e-01
7.250000000000005329e-01
7.260000000000005338e-01
7.270000000000005347e-01
7.280000000000005356e-01
7.290000000000005365e-01
7.300000000000005373e-01
7.310000000000005382e-01
7.320000000000005391e-01
7.330000000000005400e-01
7.340000000000005409e-01
7.350000000000005418e-01
7.360000000000005427e-01
7.370000000000005436e-01
7.380000000000005445e-01
7.390000000000005453e-01
7.400000000000005462e-01
7.410000000000005471e-01
7.420000000000005480e-01
7.430000000000005489e-01
7.440000000000005498e-01
7.450000000000005507e-01
7.460000000000005516e-01
7.470000000000005524e-01
7.480000000000005533e-01
7.490000000000005542e-01
7.500000000000005551e-01
7.510000000000005560e-01
7.520000000000005569e-01
7.530000000000005578e-01
7.540000000000005587e-01
7.550000000000005596e-01
7.560000000000005604e-01
7.570000000000005613e-01
7.580000000000005622e-01
7.590000000000005631e-01
7.600000000000005640e-01
7.610000000000005649e-01
7.620000000000005658e-01
7.630000000000005667e-01
7.640000000000005675e-01
7.650000000000005684e-01
7.660000000000005693e-01
7.670000000000005702e-01
7.680000000000005711e-01
7.690000000000005720e-01
7.700000000000005729e-01
7.710000000000005738e-01
7.720000000000005747e-01
7.730000000000005755e-01
7.740000000000005764e-01
7.750000000000005773e-01
7.760000000000005782e-01
7.770000000000005791e-01
7.780000000000005800e-01
7.790000000000005809e-01
7.800000000000005818e-01
7.810000000000005826e-01
7.820000000000005835e-01
7.830000000000005844e-01
7.840000000000005853e-01
7.850000000000005862e-01
7.860000000000005871e-01
7.870000000000005880e-01
7.880000000000005889e-01
7.890000000000005898e-01
7.900000000000005906e-01
7.910000000000005915e-01
7.920000000000005924e-01
7.930000000000005933e-01
7.940000000000005942e-01
7.950000000000005951e-01
7.960000000000005960e-01
7.970000000000005969e-01
7.980000000000005977e-01
7.990000000000005986e-01
8.000000000000005995e-01
8.010000000000006004e-01
8.020000000000006013e-01
8.030000000000006022e-01
8.040000000000006031e-01
8.050000000000006040e-01
8.060000000000006048e-01
8.070000000000006057e-01
8.080000000000006066e-01
8.090000000000006075e-01
8.100000000000006084e-01
8.110000000000006093e-01
8.120000000000006102e-01
8.130000000000006111e-01
8.140000000000006120e-01
8.150000000000006128e-01
8.160000000000006137e-01
8.170000000000006146e-01
8.180000000000006155e-01
8.190000000000006164e-01
8.200000000000006173e-01
8.210000000000006182e-01
8.220000000000006191e-01
8.230000000000006199e-01
8.240000000000006208e-01
8.250000000000006217e-01
8.260000000000006226e-01
8.270000000000006235e-01
8.280000000000006244e-01
8.290000000000006253e-01
8.300000000000006262e-01
8.310000000000006271e-01
8.320000000000006279e-01
8.330000000000006288e-01
8.340000000000006297e-01
8.350000000000006306e-01
8.360000000000006315e-01
8.370000000000006324e-01
8.380000000000006333e-01
8.390000000000006342e-01
8.400000000000006350e-01
8.410000000000006359e-01
8.420000000000006368e-01
8.430000000000006377e-01
8.440000000000006386e-01
8.450000000000006395e-01
8.460000000000006404e-01
8.470000000000006413e-01
8.480000000000006422e-01
8.490000000000006430e-01
8.500000000000006439e-01
8.510000000000006448e-01
8.520000000000006457e-01
8.530000000000006466e-01
8.540000000000006475e-01
8.550000000000006484e-01
8.560000000000006493e-01
8.570000000000006501e-01
8.580000000000006510e-01
8.590000000000006519e-01
8.600000000000006528e-01
8.610000000000006537e-01
8.620000000000006546e-01
8.630000000000006555e-01
8.640000000000006564e-01
8.650000000000006573e-01
8.660000000000006581e-01
8.670000000000006590e-01
8.680000000000006599e-01
8.690000000000006608e-01
8.700000000000006617e-01
8.710000000000006626e-01
8.720000000000006635e-01
8.730000000000006644e-01
8.740000000000006652e-01
8.750000000000006661e-01
8.760000000000006670e-01
8.770000000000006679e-01
8.780000000000006688e-01
8.790000000000006697e-01
8.800000000000006706e-01
8.810000000000006715e-01
8.820000000000006724e-01
8.830000000000006732e-01
8.840000000000006741e-01
8.850000000000006750e-01
8.860000000000006759e-01
8.870000000000006768e-01
8.880000000000006777e-01
8.890000000000006786e-01
8.900000000000006795e-01
8.910000000000006803e-01
8.920000000000006812e-01
8.930000000000006821e-01
8.940000000000006830e-01
8.950000000000006839e-01
8.960000000000006848e-01
8.970000000000006857e-01
8.980000000000006866e-01
8.990000000000006875e-01
9.000000000000006883e-01
9.010000000000006892e-01
9.020000000000006901e-01
9.030000000000006910e-01
9.040000000000006919e-01
9.050000000000006928e-01
9.060000000000006937e-01
9.070000000000006946e-01
9.080000000000006954e-01
9.090000000000006963e-01
9.100000000000006972e-01
9.110000000000006981e-01
9.120000000000006990e-01
9.130000000000006999e-01
9.140000000000007008e-01
9.150000000000007017e-01
9.160000000000007025e-01
9.170000000000007034e-01
9.180000000000007043e-01
9.190000000000007052e-01
9.200000000000007061e-01
9.210000000000007070e-01
9.220000000000007079e-01
9.230000000000007088e-01
9.240000000000007097e-01
9.250000000000007105e-01
9.260000000000007114e-01
9.270000000000007123e-01
9.280000000000007132e-01
9.290000000000007141e-01
9.300000000000007150e-01
9.310000000000007159e-01
9.320000000000007168e-01
9.330000000000007176e-01
9.340000000000007185e-01
9.350000000000007194e-01
9.360000000000007203e-01
9.370000000000007212e-01
9.380000000000007221e-01
9.390000000000007230e-01
9.400000000000007239e-01
9.410000000000007248e-01
9.420000000000007256e-01
9.430000000000007265e-01
9.440000000000007274e-01
9.450000000000007283e-01
9.460000000000007292e-01
9.470000000000007301e-01
9.480000000000007310e-01
9.490000000000007319e-01
9.500000000000007327e-01
9.510000000000007336e-01
9.520000000000007345e-01
9.530000000000007354e-01
9.540000000000007363e-01
9.550000000000007372e-01
9.560000000000007381e-01
9.570000000000007390e-01
9.580000000000007399e-01
9.590000000000007407e-01
9.600000000000007416e-01
9.610000000000007425e-01
9.620000000000007434e-01
9.630000000000007443e-01
9.640000000000007452e-01
9.650000000000007461e-01
9.660000000000007470e-01
9.670000000000007478e-01
9.680000000000007487e-01
9.690000000000007496e-01
9.700000000000007505e-01
9.710000000000007514e-01
9.720000000000007523e-01
9.730000000000007532e-01
9.740000000000007541e-01
9.750000000000007550e-01
9.760000000000007558e-01
9.770000000000007567e-01
9.780000000000007576e-01
9.790000000000007585e-01
9.800000000000007594e-01
9.810000000000007603e-01
9.820000000000007612e-01
9.830000000000007621e-01
9.840000000000007629e-01
9.850000000000007638e-01
9.860000000000007647e-01
9.870000000000007656e-01
9.880000000000007665e-01
9.890000000000007674e-01
9.900000000000007683e-01
9.910000000000007692e-01
9.920000000000007701e-01
9.930000000000007709e-01
9.940000000000007718e-01
9.950000000000007727e-01
9.960000000000007736e-01
9.970000000000007745e-01
9.980000000000007754e-01
9.990000000000007763e-01
1.000000000000000666e+00
1.001000000000000556e+00
1.002000000000000446e+00
1.003000000000000336e+00
1.004000000000000226e+00
1.005000000000000115e+00
1.006000000000000005e+00
1.006999999999999895e+00
1.007999999999999785e+00
1.008999999999999675e+00
1.009999999999999565e+00
1.010999999999999455e+00
1.011999999999999345e+00
1.012999999999999234e+00
1.013999999999999124e+00
1.014999999999999014e+00
1.015999999999998904e+00
1.016999999999998794e+00
1.017999999999998684e+00
1.018999999999998574e+00
1.019999999999998463e+00
1.020999999999998353e+00
1.021999999999998243e+00
1.022999999999998133e+00
1.023999999999998023e+00
1.024999999999997913e+00
1.025999999999997803e+00
1.026999999999997693e+00
1.027999999999997582e+00
1.028999999999997472e+00
1.029999999999997362e+00
1.030999999999997252e+00
1.031999999999997142e+00
1.032999999999997032e+00
1.033999999999996922e+00
1.034999999999996811e+00
1.035999999999996701e+00
1.036999999999996591e+00
1.037999999999996481e+00
1.038999999999996371e+00
1.039999999999996261e+00
1.040999999999996151e+00
1.041999999999996041e+00
1.042999999999995930e+00
1.043999999999995820e+00
1.044999999999995710e+00
1.045999999999995600e+00
1.046999999999995490e+00
1.047999999999995380e+00
1.048999999999995270e+00
1.049999999999995159e+00
1.050999999999995049e+00
1.051999999999994939e+00
1.052999999999994829e+00
1.053999999999994719e+00
1.054999999999994609e+00
1.055999999999994499e+00
1.056999999999994388e+00
1.057999999999994278e+00
1.058999999999994168e+00
1.059999999999994058e+00
1.060999999999993948e+00
1.061999999999993838e+00
1.062999999999993728e+00
1.063999999999993618e+00
1.064999999999993507e+00
1.065999999999993397e+00
1.066999999999993287e+00
1.067999999999993177e+00
1.068999999999993067e+00
1.069999999999992957e+00
1.070999999999992847e+00
1.071999999999992736e+00
1.072999999999992626e+00
1.073999999999992516e+00
1.074999999999992406e+00
1.075999999999992296e+00
1.076999999999992186e+00
1.077999999999992076e+00
1.078999999999991966e+00
1.079999999999991855e+00
1.080999999999991745e+00
1.081999999999991635e+00
1.082999999999991525e+00
1.083999999999991415e+00
1.084999999999991305e+00
1.085999999999991195e+00
1.086999999999991084e+00
1.087999999999990974e+00
1.088999999999990864e+00
1.089999999999990754e+00
1.090999999999990644e+00
1.091999999999990534e+00
1.092999999999990424e+00
1.093999999999990314e+00
1.094999999999990203e+00
1.095999999999990093e+00
1.096999999999989983e+00
1.097999999999989873e+00
1.098999999999989763e+00
1.099999999999989653e+00
1.100999999999989543e+00
1.101999999999989432e+00
1.102999999999989322e+00
1.103999999999989212e+00
1.104999999999989102e+00
1.105999999999988992e+00
1.106999999999988882e+00
1.107999999999988772e+00
1.108999999999988662e+00
1.109999999999988551e+00
1.110999999999988441e+00
1.111999999999988331e+00
1.112999999999988221e+00
1.113999999999988111e+00
1.114999999999988001e+00
1.115999999999987891e+00
1.116999999999987780e+00
1.117999999999987670e+00
1.118999999999987560e+00
1.119999999999987450e+00
1.120999999999987340e+00
1.121999999999987230e+00
1.122999999999987120e+00
1.123999999999987010e+00
1.124999999999986899e+00
1.125999999999986789e+00
1.126999999999986679e+00
1.127999999999986569e+00
1.128999999999986459e+00
1.129999999999986349e+00
1.130999999999986239e+00
1.131999999999986128e+00
1.132999999999986018e+00
1.133999999999985908e+00
1.134999999999985798e+00
1.135999999999985688e+00
1.136999999999985578e+00
1.137999999999985468e+00
1.138999999999985357e+00
1.139999999999985247e+00
1.140999999999985137e+00
1.141999999999985027e+00
1.142999999999984917e+00
1.143999999999984807e+00
1.144999999999984697e+00
1.145999999999984587e+00
1.146999999999984476e+00
1.147999999999984366e+00
1.148999999999984256e+00
1.149999999999984146e+00
1.150999999999984036e+00
1.151999999999983926e+00
1.152999999999983816e+00
1.153999999999983705e+00
1.154999999999983595e+00
1.155999999999983485e+00
1.156999999999983375e+00
1.157999999999983265e+00
1.158999999999983155e+00
1.159999999999983045e+00
1.160999999999982935e+00
1.161999999999982824e+00
1.162999999999982714e+00
1.163999999999982604e+00
1.164999999999982494e+00
1.165999999999982384e+00
1.166999999999982274e+00
1.167999999999982164e+00
1.168999999999982053e+00
1.169999999999981943e+00
1.170999999999981833e+00
1.171999999999981723e+00
1.172999999999981613e+00
1.173999999999981503e+00
1.174999999999981393e+00
1.175999999999981283e+00
1.176999999999981172e+00
1.177999999999981062e+00
1.178999999999980952e+00
1.179999999999980842e+00
1.180999999999980732e+00
1.181999999999980622e+00
1.182999999999980512e+00
1.183999999999980401e+00
1.184999999999980291e+00
1.185999999999980181e+00
1.186999999999980071e+00
1.187999999999979961e+00
1.188999999999979851e+00
1.189999999999979741e+00
1.190999999999979631e+00
1.191999999999979520e+00
1.192999999999979410e+00
1.193999999999979300e+00
1.194999999999979190e+00
1.195999999999979080e+00
1.196999999999978970e+00
1.197999999999978860e+00
1.198999999999978749e+00
1.199999999999978639e+00
1.200999999999978529e+00
1.201999999999978419e+00
1.202999999999978309e+00
1.203999999999978199e+00
1.204999999999978089e+00
1.205999999999977979e+00
1.206999999999977868e+00
1.207999999999977758e+00
1.208999999999977648e+00
1.209999999999977538e+00
1.210999999999977428e+00
1.211999999999977318e+00
1.212999999999977208e+00
1.213999999999977097e+00
1.214999999999976987e+00
1.215999999999976877e+00
1.216999999999976767e+00
1.217999999999976657e+00
1.218999999999976547e+00
1.219999999999976437e+00
1.220999999999976326e+00
1.221999999999976216e+00
1.222999999999976106e+00
1.223999999999975996e+00
1.224999999999975886e+00
1.225999999999975776e+00
1.226999999999975666e+00
1.227999999999975556e+00
1.228999999999975445e+00
1.229999999999975335e+00
1.230999999999975225e+00
1.231999999999975115e+00
1.232999999999975005e+00
1.233999999999974895e+00
1.234999999999974785e+00
1.235999999999974674e+00
1.236999999999974564e+00
1.237999999999974454e+00
1.238999999999974344e+00
1.239999999999974234e+00
1.240999999999974124e+00
1.241999999999974014e+00
1.242999999999973904e+00
1.243999999999973793e+00
1.244999999999973683e+00
1.245999999999973573e+00
1.246999999999973463e+00
1.247999999999973353e+00
1.248999999999973243e+00
1.249999999999973133e+00
1.250999999999973022e+00
1.251999999999972912e+00
1.252999999999972802e+00
1.253999999999972692e+00
1.254999999999972582e+00
1.255999999999972472e+00
1.256999999999972362e+00
1.257999999999972252e+00
1.258999999999972141e+00
1.259999999999972031e+00
1.260999999999971921e+00
1.261999999999971811e+00
1.262999999999971701e+00
1.263999999999971591e+00
1.264999999999971481e+00
1.265999999999971370e+00
1.266999999999971260e+00
1.267999999999971150e+00
1.268999999999971040e+00
1.269999999999970930e+00
1.270999999999970820e+00
1.271999999999970710e+00
1.272999999999970600e+00
1.273999999999970489e+00
1.274999999999970379e+00
1.275999999999970269e+00
1.276999999999970159e+00
1.277999999999970049e+00
1.278999999999969939e+00
1.279999999999969829e+00
1.280999999999969718e+00
1.281999999999969608e+00
1.282999999999969498e+00
1.283999999999969388e+00
1.284999999999969278e+00
1.285999999999969168e+00
1.286999999999969058e+00
1.287999999999968948e+00
1.288999999999968837e+00
1.289999999999968727e+00
1.290999999999968617e+00
1.291999999999968507e+00
1.292999999999968397e+00
1.293999999999968287e+00
1.294999999999968177e+00
1.295999999999968066e+00
1.296999999999967956e+00
1.297999999999967846e+00
1.298999999999967736e+00
1.299999999999967626e+00
1.300999999999967516e+00
1.301999999999967406e+00
1.302999999999967295e+00
1.303999999999967185e+00
1.304999999999967075e+00
1.305999999999966965e+00
1.306999999999966855e+00
1.307999999999966745e+00
1.308999999999966635e+00
1.309999999999966525e+00
1.310999999999966414e+00
1.311999999999966304e+00
1.312999999999966194e+00
1.313999999999966084e+00
1.314999999999965974e+00
1.315999999999965864e+00
1.316999999999965754e+00
1.317999999999965643e+00
1.318999999999965533e+00
1.319999999999965423e+00
1.320999999999965313e+00
1.321999999999965203e+00
1.322999999999965093e+00
1.323999999999964983e+00
1.324999999999964873e+00
1.325999999999964762e+00
1.326999999999964652e+00
1.327999999999964542e+00
1.328999999999964432e+00
1.329999999999964322e+00
1.330999999999964212e+00
1.331999999999964102e+00
1.332999999999963991e+00
1.333999999999963881e+00
1.334999999999963771e+00
1.335999999999963661e+00
1.336999999999963551e+00
1.337999999999963441e+00
1.338999999999963331e+00
1.339999999999963221e+00
1.340999999999963110e+00
1.341999999999963000e+00
1.342999999999962890e+00
1.343999999999962780e+00
1.344999999999962670e+00
1.345999999999962560e+00
1.346999999999962450e+00
1.347999999999962339e+00
1.348999999999962229e+00
1.349999999999962119e+00
1.350999999999962009e+00
1.351999999999961899e+00
1.352999999999961789e+00
1.353999999999961679e+00
1.354999999999961569e+00
1.355999999999961458e+00
1.356999999999961348e+00
1.357999999999961238e+00
1.358999999999961128e+00
1.359999999999961018e+00
1.360999999999960908e+00
1.361999999999960798e+00
1.362999999999960687e+00
1.363999999999960577e+00
1.364999999999960467e+00
1.365999999999960357e+00
1.366999999999960247e+00
1.367999999999960137e+00
1.368999999999960027e+00
1.369999999999959917e+00
1.370999999999959806e+00
1.371999999999959696e+00
1.372999999999959586e+00
1.373999999999959476e+00
1.374999999999959366e+00
1.375999999999959256e+00
1.376999999999959146e+00
1.377999999999959035e+00
1.378999999999958925e+00
1.379999999999958815e+00
1.380999999999958705e+00
1.381999999999958595e+00
1.382999999999958485e+00
1.383999999999958375e+00
1.384999999999958264e+00
1.385999999999958154e+00
1.386999999999958044e+00
1.387999999999957934e+00
1.388999999999957824e+00
1.389999999999957714e+00
1.390999999999957604e+00
1.391999999999957494e+00
1.392999999999957383e+00
1.393999999999957273e+00
1.394999999999957163e+00
1.395999999999957053e+00
1.396999999999956943e+00
1.397999999999956833e+00
1.398999999999956723e+00
1.399999999999956612e+00
1.400999999999956502e+00
1.401999999999956392e+00
1.402999999999956282e+00
1.403999999999956172e+00
1.404999999999956062e+00
1.405999999999955952e+00
1.406999999999955842e+00
1.407999999999955731e+00
1.408999999999955621e+00
1.409999999999955511e+00
1.410999999999955401e+00
1.411999999999955291e+00
1.412999999999955181e+00
1.413999999999955071e+00
1.414999999999954960e+00
1.415999999999954850e+00
1.416999999999954740e+00
1.417999999999954630e+00
1.418999999999954520e+00
1.419999999999954410e+00
1.420999999999954300e+00
1.421999999999954190e+00
1.422999999999954079e+00
1.423999999999953969e+00
1.424999999999953859e+00
1.425999999999953749e+00
1.426999999999953639e+00
1.427999999999953529e+00
1.428999999999953419e+00
1.429999999999953308e+00
