      1.06160    -0.337800       0
     0.955300    -0.337800       1
     0.823500    -0.373200       2
     0.820800    -0.363200       3
     0.819200    -0.357100       4
     0.760500    -0.372800       5
     0.757800    -0.362700       6
     0.757200    -0.361200       7
     0.756400    -0.359700       8
     0.755300    -0.358500       9
     0.754000    -0.357400      10
     0.752900    -0.356600      11
     0.751000    -0.356000      12
     0.749400    -0.355700      13
     0.747700    -0.355700      14
     0.746100    -0.356000      15
     0.702022    -0.367794      16
#     0.702022    -0.367794      17
     0.694147    -0.370719      18
     0.686952    -0.375057      19
#     0.686952    -0.375057      20
     0.629376    -0.417572      21
#     0.629376    -0.417572      22
     0.623269    -0.423004      23
     0.618246    -0.429451      24
     0.614472    -0.436700      25
     0.612070    -0.444512      26
     0.611122    -0.452629      27
     0.611657    -0.460784      28
#     0.611657    -0.460784      29
     0.629500    -0.573900      30
     0.702900    -0.573900      31
     0.702900    -0.595900      32
     0.602200    -0.595900      33
     0.572900    -0.579400      34
     0.569900    -0.579400      35
     0.569900    -0.512100      36
     0.560700    -0.500100      37
     0.468350    -0.474675      38
     0.468350    -0.296290      39
     0.460400    -0.251060      40
     0.440200    -0.215700      41
     0.440200     0.432800      42
     0.699900     0.432800      43
     0.699900     0.403000      44
     0.764900     0.385500      45
     0.765700     0.388600      46
     0.955300     0.337800      47
      1.06160     0.337800      48
      1.06160     0.263990      49
     0.867766     0.263559      50
     0.857160     0.270590      51
     0.837202     0.270590      52
     0.832909     0.266662      53
     0.817940     0.263990      54
     0.817630     0.228210      55
     0.836200     0.191770      56
     0.849810     0.173990      57
     0.861490     0.156210      58
     0.871470     0.138430      59
     0.879960     0.120650      60
     0.887070     0.102870      61
     0.893460    0.0832100      62
     0.894340    0.0811700      63
     0.899010    0.0609600      64
     0.902320    0.0406400      65
     0.904290    0.0203200      66
     0.904940      0.00000      67
     0.904290   -0.0203200      68
     0.902320   -0.0406400      69
     0.899010   -0.0609600      70
     0.894340   -0.0811700      71
     0.893460   -0.0832100      72
     0.887070    -0.102870      73
     0.879960    -0.120650      74
     0.871470    -0.138430      75
     0.861490    -0.156210      76
     0.849810    -0.173990      77
     0.836200    -0.191770      78
     0.817630    -0.228210      79
     0.817940    -0.263990      80
     0.832909    -0.266662      81
     0.837202    -0.270590      82
     0.857160    -0.270590      83
     0.867766    -0.263559      84
      1.06160    -0.263990      85
#      1.06160    -0.337800      86
